4.365 6.386 1.000 4.751 6.772 1.000
4.317 6.679 1.000 4.759 7.121 1.000
3.758 6.246 1.000 4.358 6.845 1.000
3.938 5.806 1.000 4.099 5.967 1.000
4.273 6.249 1.000 4.415 6.391 1.000
4.197 6.544 1.000 4.756 7.104 1.000
4.447 6.819 1.000 4.573 6.945 1.000
3.432 5.347 1.000 4.132 6.047 1.000
4.059 6.166 1.000 4.714 6.821 1.000
4.189 6.759 1.000 4.933 7.504 1.000
3.728 5.994 1.000 4.413 6.679 1.000
4.136 6.369 1.000 4.570 6.802 1.000
5.638 8.234 0.000 5.584 8.180 0.000
3.839 6.100 1.000 4.634 6.895 1.000
2.804 4.980 0.000 3.694 5.870 1.000
4.849 6.840 1.000 5.260 7.251 0.000
2.919 4.989 0.000 3.958 6.028 1.000
4.218 6.183 1.000 4.400 6.366 1.000
3.349 5.709 1.000 3.675 6.035 1.000
4.165 6.078 1.000 4.721 6.633 1.000
3.120 5.323 1.000 4.184 6.386 1.000
4.657 6.604 1.000 5.189 7.136 0.000
3.430 5.932 1.000 3.985 6.487 1.000
3.881 6.294 1.000 4.272 6.685 1.000
3.966 5.954 1.000 4.060 6.048 1.000
3.425 5.408 1.000 3.743 5.726 1.000
3.274 5.129 1.000 3.982 5.836 1.000
4.463 6.347 1.000 5.160 7.045 0.000
4.442 6.667 1.000 4.728 6.953 1.000
4.152 6.070 1.000 4.411 6.329 1.000
3.966 5.932 1.000 4.074 6.040 1.000
3.975 6.234 1.000 4.481 6.739 1.000
3.605 5.933 1.000 3.779 6.107 1.000
3.836 6.002 1.000 3.915 6.081 1.000
2.775 4.712 0.000 3.460 5.398 1.000
3.822 6.072 1.000 4.384 6.634 1.000
4.029 6.081 1.000 4.202 6.254 1.000
3.011 5.419 1.000 3.613 6.021 1.000
2.359 4.264 0.000 3.399 5.304 1.000
4.910 6.954 1.000 4.908 6.953 1.000
2.339 4.508 0.000 3.820 5.989 1.000
5.030 6.958 1.000 5.149 7.077 0.000
3.072 5.206 1.000 3.783 5.917 1.000
3.944 6.169 1.000 5.188 7.413 0.000
3.036 5.315 1.000 3.835 6.113 1.000
3.831 5.833 1.000 4.797 6.799 1.000
4.700 7.172 1.000 4.429 6.901 1.000
4.274 6.452 1.000 4.502 6.680 1.000
3.661 5.797 1.000 4.092 6.229 1.000
3.625 6.014 1.000 4.521 6.910 1.000
4.350 6.275 1.000 4.947 6.872 1.000
4.125 6.674 1.000 4.110 6.659 1.000
3.939 5.980 1.000 4.080 6.121 1.000
3.432 5.731 1.000 3.777 6.076 1.000
3.309 5.705 1.000 4.127 6.522 1.000
2.892 4.823 0.000 3.692 5.623 1.000
3.619 5.631 1.000 4.438 6.450 1.000
3.893 6.246 1.000 4.024 6.377 1.000
3.372 5.503 1.000 3.713 5.843 1.000
3.244 5.254 1.000 3.987 5.997 1.000
4.592 6.904 1.000 4.649 6.960 1.000
3.573 5.665 1.000 3.556 5.648 1.000
5.186 7.622 0.000 4.770 7.206 1.000
4.109 6.240 1.000 4.822 6.953 1.000
5.384 7.325 0.000 5.505 7.446 0.000
4.240 6.288 1.000 4.304 6.353 1.000
4.338 6.508 1.000 4.873 7.043 1.000
3.928 6.229 1.000 4.626 6.928 1.000
4.600 6.664 1.000 4.683 6.748 1.000
3.195 5.132 1.000 4.026 5.962 1.000
4.054 6.337 1.000 4.159 6.442 1.000
2.999 5.509 1.000 3.754 6.263 1.000
3.497 5.640 1.000 4.462 6.605 1.000
3.510 5.638 1.000 3.464 5.591 1.000
4.673 6.749 1.000 5.307 7.383 0.000
5.143 7.141 0.000 5.297 7.295 0.000
4.786 7.049 1.000 4.862 7.124 1.000
4.687 7.123 1.000 4.481 6.918 1.000
3.896 6.251 1.000 5.017 7.373 1.000
3.724 6.027 1.000 4.151 6.454 1.000
5.267 7.144 0.000 5.091 6.968 0.000
3.592 5.877 1.000 4.541 6.826 1.000
3.619 5.877 1.000 4.007 6.265 1.000
3.008 5.064 1.000 3.514 5.570 1.000
4.020 5.911 1.000 4.220 6.111 1.000
3.773 6.046 1.000 4.243 6.516 1.000
3.386 5.630 1.000 3.926 6.170 1.000
4.122 6.582 1.000 4.345 6.805 1.000
3.847 5.936 1.000 4.721 6.810 1.000
4.402 6.299 1.000 4.771 6.668 1.000
3.673 6.301 1.000 4.253 6.881 1.000
3.480 5.837 1.000 4.149 6.506 1.000
4.013 5.983 1.000 4.377 6.348 1.000
3.693 5.699 1.000 4.089 6.095 1.000
3.787 5.733 1.000 4.207 6.154 1.000
4.077 6.146 1.000 3.465 5.534 1.000
4.290 6.759 1.000 4.604 7.073 1.000
4.678 6.652 1.000 4.997 6.971 1.000
4.174 6.381 1.000 4.221 6.429 1.000
4.432 6.743 1.000 5.159 7.470 0.000
4.760 6.916 1.000 5.048 7.204 0.000
3.845 6.089 1.000 3.951 6.195 1.000
3.345 5.160 1.000 3.645 5.460 1.000
3.102 5.006 0.000 3.818 5.722 1.000
4.143 6.233 1.000 4.394 6.485 1.000
4.408 6.636 1.000 4.623 6.851 1.000
3.332 5.299 1.000 3.846 5.813 1.000
4.344 6.706 1.000 5.556 7.918 0.000
4.101 5.968 1.000 4.373 6.240 1.000
4.048 6.005 1.000 4.458 6.415 1.000
2.917 4.964 0.000 4.255 6.302 1.000
4.108 6.234 1.000 4.627 6.752 1.000
3.198 5.487 1.000 3.964 6.253 1.000
2.577 4.464 0.000 3.036 4.922 0.000
3.644 5.492 1.000 3.776 5.624 1.000
3.567 5.396 1.000 4.005 5.834 1.000
2.661 5.166 1.000 3.293 5.799 1.000
4.041 6.315 1.000 4.019 6.293 1.000
4.205 6.472 1.000 4.711 6.977 1.000
3.658 5.595 1.000 4.241 6.178 1.000
4.015 6.189 1.000 4.092 6.266 1.000
3.242 5.333 1.000 3.277 5.368 1.000
3.917 6.274 1.000 4.280 6.637 1.000
3.820 6.185 1.000 4.244 6.609 1.000
3.970 6.144 1.000 4.376 6.550 1.000
4.427 6.581 1.000 4.305 6.459 1.000
3.810 5.859 1.000 3.777 5.826 1.000
3.775 6.164 1.000 3.825 6.215 1.000
3.838 5.877 1.000 3.848 5.887 1.000
3.485 5.455 1.000 4.124 6.093 1.000
2.591 4.705 0.000 3.054 5.168 1.000
4.496 6.849 1.000 4.885 7.237 1.000
4.674 6.850 1.000 5.089 7.264 0.000
3.435 5.654 1.000 4.127 6.346 1.000
5.160 7.171 0.000 5.344 7.355 0.000
3.486 5.448 1.000 4.206 6.168 1.000
3.261 5.733 1.000 3.854 6.326 1.000
4.976 7.028 1.000 4.967 7.018 1.000
4.398 6.694 1.000 4.363 6.660 1.000
3.140 5.130 1.000 3.909 5.899 1.000
3.865 6.038 1.000 4.120 6.293 1.000
3.575 5.563 1.000 3.786 5.774 1.000
2.905 5.043 1.000 3.894 6.032 1.000
3.281 5.201 1.000 3.612 5.533 1.000
3.931 5.970 1.000 4.386 6.425 1.000
3.796 6.116 1.000 4.243 6.564 1.000
2.953 5.289 1.000 3.723 6.060 1.000
3.371 5.678 1.000 3.787 6.095 1.000
2.794 4.971 0.000 3.757 5.934 1.000
5.382 7.745 0.000 5.296 7.659 0.000
3.989 6.085 1.000 4.469 6.565 1.000
3.061 5.203 1.000 3.977 6.118 1.000
4.069 6.333 1.000 4.124 6.389 1.000
3.232 5.549 1.000 4.040 6.357 1.000
4.552 6.585 1.000 4.778 6.811 1.000
3.017 5.268 1.000 4.045 6.296 1.000
4.631 6.678 1.000 5.050 7.098 0.000
3.987 6.121 1.000 3.802 5.936 1.000
4.526 6.736 1.000 4.872 7.082 1.000
3.497 5.916 1.000 3.745 6.164 1.000
3.054 5.563 1.000 3.796 6.305 1.000
3.804 6.189 1.000 4.554 6.939 1.000
3.169 5.310 1.000 3.627 5.769 1.000
3.353 5.023 0.000 3.730 5.400 1.000
3.010 4.978 0.000 3.750 5.717 1.000
3.990 6.247 1.000 4.288 6.545 1.000
4.161 6.233 1.000 4.598 6.670 1.000
4.305 6.454 1.000 5.102 7.251 0.000
4.067 6.310 1.000 4.734 6.977 1.000
3.993 6.253 1.000 4.118 6.378 1.000
4.769 6.795 1.000 4.815 6.842 1.000
3.477 5.761 1.000 4.172 6.457 1.000
4.694 7.121 1.000 4.110 6.538 1.000
4.134 6.528 1.000 4.439 6.833 1.000
3.864 6.046 1.000 4.042 6.223 1.000
2.936 5.119 1.000 3.577 5.760 1.000
4.855 6.733 1.000 5.161 7.040 0.000
4.240 6.226 1.000 4.635 6.621 1.000
4.475 7.145 1.000 4.418 7.088 1.000
4.427 6.605 1.000 4.855 7.032 1.000
4.100 6.455 1.000 4.452 6.807 1.000
3.727 5.663 1.000 4.596 6.531 1.000
3.244 5.404 1.000 4.279 6.439 1.000
3.852 5.632 1.000 3.950 5.730 1.000
3.792 6.093 1.000 5.085 7.386 0.000
3.283 5.378 1.000 3.809 5.904 1.000
3.695 5.997 1.000 4.450 6.751 1.000
3.944 6.122 1.000 4.629 6.807 1.000
3.924 6.135 1.000 4.624 6.835 1.000
3.274 5.093 1.000 3.506 5.325 1.000
3.955 6.403 1.000 4.384 6.832 1.000
4.216 6.354 1.000 4.015 6.153 1.000
3.768 6.101 1.000 4.555 6.887 1.000
3.853 5.903 1.000 4.123 6.173 1.000
4.599 6.767 1.000 4.297 6.465 1.000
2.936 5.079 1.000 3.207 5.350 1.000
4.716 7.140 1.000 5.136 7.559 0.000
3.225 5.325 1.000 3.447 5.547 1.000
3.393 5.324 1.000 3.954 5.885 1.000
4.485 6.629 1.000 4.569 6.714 1.000
4.174 6.468 1.000 4.754 7.048 1.000
3.911 5.968 1.000 4.551 6.608 1.000
4.770 6.629 1.000 4.788 6.648 1.000
4.735 7.075 1.000 5.233 7.573 0.000
3.974 5.906 1.000 4.921 6.852 1.000
3.063 4.986 0.000 3.820 5.743 1.000
3.895 5.803 1.000 4.541 6.449 1.000
3.177 5.196 1.000 3.481 5.500 1.000
4.037 5.940 1.000 4.627 6.530 1.000
3.875 5.942 1.000 4.033 6.100 1.000
4.273 6.635 1.000 4.155 6.516 1.000
2.867 4.805 0.000 3.548 5.486 1.000
3.767 5.936 1.000 4.153 6.322 1.000
4.602 7.026 1.000 4.963 7.386 1.000
3.653 5.922 1.000 4.182 6.451 1.000
4.184 6.463 1.000 5.212 7.491 0.000
3.430 5.725 1.000 4.333 6.627 1.000
4.036 6.038 1.000 4.841 6.843 1.000
4.129 5.947 1.000 4.655 6.473 1.000
3.808 5.799 1.000 3.696 5.687 1.000
4.379 6.578 1.000 4.656 6.855 1.000
3.783 5.869 1.000 3.889 5.975 1.000
2.914 5.306 1.000 3.808 6.200 1.000
3.798 5.785 1.000 4.532 6.519 1.000
3.292 5.271 1.000 3.743 5.722 1.000
3.837 5.945 1.000 4.423 6.530 1.000
4.208 6.284 1.000 4.976 7.052 1.000
3.633 5.792 1.000 4.086 6.245 1.000
3.168 5.036 0.000 3.667 5.535 1.000
3.391 5.412 1.000 3.492 5.513 1.000
3.746 5.900 1.000 4.490 6.644 1.000
3.520 5.686 1.000 4.163 6.329 1.000
3.328 5.637 1.000 3.935 6.245 1.000
3.065 5.364 1.000 3.558 5.858 1.000
4.865 7.251 1.000 4.711 7.097 1.000
4.463 6.134 1.000 4.580 6.251 1.000
4.097 6.877 1.000 4.562 7.342 1.000
3.485 5.627 1.000 3.988 6.130 1.000
3.555 5.618 1.000 4.133 6.195 1.000
3.674 5.416 1.000 4.661 6.403 1.000
3.860 6.181 1.000 4.805 7.125 1.000
4.378 6.961 1.000 4.349 6.932 1.000
4.198 6.033 1.000 4.597 6.431 1.000
3.919 5.985 1.000 4.310 6.376 1.000
3.556 5.764 1.000 4.644 6.853 1.000
3.869 5.985 1.000 4.291 6.407 1.000
3.628 5.472 1.000 3.696 5.540 1.000
4.339 6.630 1.000 4.512 6.803 1.000
4.069 6.194 1.000 4.424 6.549 1.000
3.892 5.994 1.000 4.098 6.200 1.000
3.556 5.517 1.000 4.227 6.188 1.000
4.665 6.730 1.000 4.203 6.269 1.000
3.492 5.317 1.000 3.765 5.590 1.000
4.808 7.354 1.000 4.935 7.482 1.000
3.674 5.868 1.000 3.787 5.981 1.000
4.020 6.343 1.000 4.357 6.680 1.000
3.322 5.261 1.000 3.975 5.914 1.000
4.522 6.593 1.000 4.624 6.695 1.000
3.735 6.020 1.000 4.057 6.342 1.000
4.572 7.111 1.000 4.096 6.635 1.000
4.640 6.896 1.000 4.693 6.949 1.000
2.950 5.323 1.000 3.678 6.051 1.000
3.757 5.693 1.000 4.635 6.571 1.000
4.314 6.651 1.000 4.860 7.197 1.000
4.184 6.155 1.000 4.631 6.602 1.000
3.033 5.188 1.000 3.941 6.095 1.000
3.669 5.640 1.000 4.047 6.018 1.000
3.338 5.349 1.000 3.764 5.775 1.000
4.969 7.035 1.000 5.300 7.367 0.000
3.979 6.009 1.000 4.124 6.154 1.000
5.152 7.477 0.000 5.324 7.649 0.000
4.043 6.387 1.000 4.315 6.658 1.000
3.739 6.361 1.000 4.472 7.094 1.000
4.925 6.607 1.000 5.044 6.726 0.000
3.858 5.895 1.000 4.529 6.567 1.000
4.113 6.067 1.000 4.297 6.251 1.000
4.924 6.942 1.000 5.316 7.334 0.000
3.825 5.713 1.000 4.371 6.260 1.000
2.983 5.649 1.000 4.407 7.072 1.000
3.864 5.948 1.000 4.609 6.694 1.000
4.495 6.538 1.000 5.061 7.104 0.000
3.818 5.983 1.000 4.578 6.742 1.000
3.307 5.293 1.000 3.844 5.829 1.000
4.033 6.471 1.000 4.209 6.648 1.000
4.475 6.226 1.000 4.368 6.119 1.000
3.593 5.899 1.000 4.535 6.840 1.000
2.875 5.102 1.000 3.732 5.960 1.000
4.158 6.259 1.000 4.361 6.463 1.000
3.766 5.460 1.000 4.419 6.113 1.000
3.095 5.282 1.000 3.560 5.746 1.000
3.783 6.038 1.000 4.693 6.947 1.000
3.177 5.096 1.000 3.734 5.653 1.000
4.158 6.525 1.000 4.766 7.133 1.000
3.385 5.224 1.000 3.663 5.503 1.000
3.528 5.774 1.000 4.052 6.298 1.000
3.959 6.567 1.000 3.607 6.215 1.000
4.548 6.592 1.000 4.851 6.894 1.000
2.760 4.697 0.000 3.157 5.094 1.000
4.970 7.054 1.000 4.759 6.843 1.000
4.667 7.003 1.000 5.084 7.420 0.000
3.868 5.973 1.000 4.225 6.330 1.000
2.706 4.851 0.000 3.447 5.592 1.000
4.637 6.780 1.000 4.481 6.624 1.000
4.172 6.385 1.000 4.115 6.327 1.000
3.449 5.863 1.000 3.799 6.213 1.000
2.825 5.291 1.000 3.587 6.053 1.000
4.086 6.068 1.000 4.682 6.664 1.000
3.160 5.547 1.000 3.834 6.221 1.000
3.987 5.982 1.000 4.023 6.017 1.000
3.352 6.052 1.000 4.034 6.735 1.000
4.033 6.329 1.000 4.181 6.476 1.000
3.094 5.095 1.000 3.994 5.995 1.000
3.076 5.312 1.000 3.474 5.709 1.000
4.246 6.449 1.000 4.766 6.969 1.000
5.609 7.485 0.000 5.240 7.117 0.000
3.465 5.691 1.000 4.038 6.263 1.000
3.777 5.815 1.000 4.237 6.275 1.000
3.397 5.574 1.000 4.381 6.557 1.000
2.829 4.772 0.000 3.293 5.236 1.000
3.327 5.470 1.000 3.833 5.977 1.000
2.977 5.420 1.000 4.036 6.479 1.000
3.382 5.548 1.000 3.650 5.816 1.000
5.154 6.944 0.000 4.787 6.578 1.000
3.926 6.571 1.000 4.092 6.737 1.000
4.806 7.021 1.000 5.619 7.834 0.000
4.004 6.065 1.000 4.349 6.411 1.000
4.165 6.119 1.000 4.141 6.095 1.000
2.516 4.423 0.000 3.536 5.442 1.000
3.359 5.568 1.000 4.408 6.616 1.000
3.185 5.395 1.000 3.637 5.847 1.000
3.791 5.725 1.000 4.504 6.437 1.000
3.232 5.351 1.000 3.728 5.847 1.000
3.649 6.197 1.000 3.874 6.422 1.000
4.985 7.506 1.000 4.428 6.949 1.000
3.869 6.030 1.000 4.003 6.164 1.000
3.063 4.993 0.000 3.427 5.358 1.000
3.146 5.301 1.000 4.172 6.327 1.000
4.721 6.990 1.000 5.221 7.490 0.000
3.626 5.779 1.000 4.019 6.172 1.000
3.961 6.315 1.000 4.224 6.578 1.000
4.103 6.413 1.000 4.656 6.966 1.000
4.368 6.629 1.000 5.126 7.387 0.000
3.222 5.533 1.000 3.648 5.960 1.000
3.205 5.397 1.000 3.907 6.099 1.000
3.275 5.206 1.000 3.963 5.893 1.000
4.187 6.196 1.000 4.457 6.466 1.000
4.367 6.332 1.000 4.145 6.110 1.000
3.495 5.513 1.000 4.040 6.058 1.000
4.577 6.495 1.000 5.063 6.981 0.000
3.545 5.583 1.000 4.167 6.206 1.000
4.371 6.508 1.000 4.690 6.827 1.000
3.949 5.807 1.000 4.911 6.769 1.000
4.024 6.316 1.000 4.311 6.603 1.000
2.633 4.729 0.000 3.750 5.846 1.000
3.666 5.702 1.000 3.444 5.480 1.000
2.927 5.078 1.000 3.722 5.873 1.000
3.270 5.640 1.000 4.085 6.454 1.000
3.821 6.052 1.000 4.216 6.447 1.000
4.000 5.892 1.000 3.928 5.821 1.000
4.018 6.256 1.000 4.187 6.425 1.000
4.001 6.448 1.000 4.203 6.650 1.000
4.044 6.069 1.000 4.034 6.059 1.000
4.344 6.198 1.000 4.595 6.449 1.000
3.700 5.881 1.000 4.341 6.523 1.000
4.167 6.101 1.000 4.696 6.630 1.000
4.364 6.269 1.000 4.344 6.249 1.000
4.644 6.891 1.000 4.774 7.020 1.000
3.249 5.496 1.000 4.047 6.294 1.000
2.667 4.755 0.000 3.319 5.407 1.000
4.089 6.056 1.000 4.899 6.866 1.000
3.659 5.785 1.000 4.032 6.159 1.000
3.182 5.069 1.000 3.759 5.647 1.000
3.162 5.367 1.000 3.944 6.150 1.000
5.040 7.095 0.000 5.384 7.439 0.000
3.282 5.281 1.000 3.792 5.791 1.000
3.629 5.711 1.000 4.008 6.090 1.000
3.732 6.204 1.000 4.272 6.744 1.000
3.588 5.689 1.000 4.376 6.477 1.000
3.800 5.842 1.000 3.950 5.992 1.000
4.050 6.316 1.000 4.261 6.528 1.000
3.314 5.480 1.000 3.690 5.855 1.000
3.762 5.987 1.000 3.860 6.086 1.000
3.421 5.324 1.000 4.276 6.179 1.000
4.158 6.186 1.000 4.317 6.345 1.000
4.020 6.048 1.000 4.741 6.770 1.000
4.389 6.267 1.000 4.376 6.254 1.000
3.917 6.256 1.000 4.189 6.528 1.000
4.167 6.498 1.000 4.503 6.834 1.000
4.404 6.362 1.000 4.547 6.505 1.000
3.713 5.622 1.000 4.353 6.262 1.000
4.433 6.579 1.000 4.762 6.908 1.000
3.169 5.117 1.000 3.784 5.732 1.000
4.041 6.328 1.000 4.279 6.566 1.000
3.637 5.604 1.000 3.844 5.811 1.000
3.575 5.450 1.000 3.939 5.814 1.000
3.185 5.303 1.000 3.591 5.710 1.000
4.210 6.521 1.000 4.560 6.870 1.000
4.117 6.070 1.000 4.592 6.545 1.000
4.365 6.410 1.000 4.393 6.438 1.000
3.345 5.681 1.000 4.374 6.711 1.000
3.798 5.923 1.000 4.033 6.159 1.000
2.944 4.748 0.000 3.775 5.579 1.000
2.918 5.216 1.000 3.533 5.832 1.000
4.802 7.200 1.000 4.674 7.072 1.000
4.395 6.743 1.000 4.713 7.061 1.000
4.689 6.798 1.000 5.072 7.181 0.000
4.078 6.245 1.000 4.006 6.173 1.000
4.271 6.579 1.000 4.331 6.639 1.000
4.128 6.370 1.000 4.662 6.904 1.000
3.287 5.182 1.000 3.680 5.576 1.000
3.591 5.901 1.000 4.114 6.424 1.000
3.334 5.480 1.000 4.035 6.181 1.000
3.890 6.190 1.000 4.749 7.049 1.000
4.571 6.406 1.000 4.716 6.551 1.000
4.987 6.967 1.000 5.299 7.279 0.000
3.918 6.259 1.000 4.429 6.770 1.000
3.338 5.500 1.000 4.150 6.312 1.000
3.758 5.840 1.000 4.165 6.247 1.000
4.053 5.897 1.000 4.407 6.251 1.000
2.862 4.919 0.000 3.872 5.929 1.000
5.361 7.659 0.000 5.552 7.850 0.000
4.472 6.177 1.000 4.925 6.630 1.000
3.826 6.138 1.000 4.125 6.437 1.000
3.644 5.731 1.000 3.399 5.487 1.000
2.995 4.899 0.000 3.576 5.481 1.000
3.693 5.833 1.000 4.192 6.332 1.000
4.565 6.582 1.000 4.624 6.640 1.000
4.201 6.488 1.000 4.672 6.959 1.000
3.530 5.748 1.000 4.488 6.705 1.000
4.756 6.905 1.000 4.746 6.895 1.000
5.072 7.069 0.000 5.589 7.586 0.000
3.204 5.145 1.000 3.773 5.715 1.000
3.302 5.122 1.000 4.201 6.021 1.000
4.329 6.417 1.000 4.407 6.495 1.000
4.270 6.275 1.000 4.358 6.363 1.000
3.408 5.480 1.000 4.367 6.439 1.000
3.698 6.142 1.000 4.285 6.729 1.000
4.286 6.642 1.000 4.531 6.888 1.000
3.194 5.180 1.000 3.713 5.698 1.000
3.442 5.819 1.000 3.499 5.876 1.000
2.898 5.188 1.000 3.645 5.936 1.000
4.017 6.322 1.000 4.785 7.090 1.000
2.972 4.988 0.000 4.090 6.106 1.000
3.201 5.507 1.000 3.629 5.935 1.000
3.750 5.583 1.000 4.364 6.196 1.000
3.531 5.800 1.000 4.387 6.657 1.000
3.598 5.485 1.000 4.327 6.214 1.000
3.662 6.089 1.000 3.932 6.360 1.000
3.968 6.193 1.000 4.134 6.359 1.000
3.877 5.921 1.000 3.831 5.876 1.000
3.876 5.952 1.000 4.171 6.247 1.000
4.319 6.635 1.000 4.406 6.722 1.000
5.098 7.421 0.000 5.402 7.724 0.000
3.385 5.683 1.000 4.406 6.705 1.000
4.095 6.220 1.000 4.224 6.349 1.000
4.023 6.222 1.000 4.517 6.716 1.000
5.010 7.268 1.000 5.360 7.619 0.000
4.425 6.439 1.000 4.920 6.934 1.000
3.758 6.200 1.000 4.939 7.381 1.000
2.646 5.004 0.000 3.735 6.093 1.000
3.889 6.278 1.000 4.391 6.780 1.000
4.241 6.505 1.000 4.474 6.739 1.000
2.584 5.019 0.000 3.544 5.979 1.000
4.236 6.666 1.000 4.643 7.073 1.000
3.765 6.050 1.000 4.059 6.344 1.000
3.679 5.781 1.000 3.869 5.971 1.000
4.003 5.702 1.000 4.570 6.269 1.000
3.030 5.247 1.000 3.333 5.550 1.000
3.291 5.182 1.000 4.192 6.084 1.000
4.145 6.382 1.000 3.946 6.184 1.000
3.888 5.876 1.000 4.325 6.313 1.000
4.506 6.672 1.000 4.666 6.832 1.000
3.952 6.136 1.000 4.415 6.598 1.000
3.366 5.660 1.000 3.839 6.134 1.000
4.094 6.213 1.000 4.425 6.545 1.000
4.163 6.206 1.000 4.625 6.667 1.000
2.781 5.101 1.000 3.380 5.701 1.000
4.284 6.397 1.000 4.497 6.611 1.000
3.120 5.425 1.000 4.020 6.325 1.000
2.963 5.158 1.000 3.533 5.728 1.000
4.577 6.524 1.000 5.272 7.219 0.000
4.064 6.269 1.000 4.159 6.364 1.000
3.911 5.574 1.000 4.541 6.205 1.000
5.292 7.552 0.000 4.997 7.257 1.000
3.252 5.793 1.000 4.394 6.935 1.000
3.370 5.593 1.000 3.995 6.217 1.000
3.604 5.881 1.000 4.001 6.278 1.000
3.797 6.030 1.000 4.588 6.821 1.000
3.638 6.168 1.000 4.168 6.699 1.000
3.282 5.449 1.000 3.919 6.086 1.000
4.133 6.229 1.000 4.304 6.400 1.000
3.088 4.970 0.000 3.989 5.871 1.000
3.184 5.374 1.000 3.818 6.009 1.000
3.386 5.253 1.000 4.130 5.996 1.000
3.686 5.560 1.000 3.864 5.738 1.000
3.570 5.790 1.000 4.079 6.299 1.000
3.557 5.649 1.000 4.014 6.106 1.000
3.083 5.214 1.000 3.924 6.056 1.000
3.271 5.522 1.000 3.845 6.095 1.000
3.638 5.771 1.000 3.762 5.895 1.000
3.659 5.829 1.000 4.367 6.538 1.000
3.111 5.319 1.000 4.203 6.412 1.000
3.671 5.816 1.000 4.156 6.302 1.000
4.041 6.438 1.000 4.374 6.771 1.000
3.278 4.994 0.000 3.671 5.387 1.000
4.263 6.771 1.000 4.802 7.309 1.000
4.673 7.003 1.000 4.863 7.193 1.000
5.242 7.449 0.000 4.773 6.979 1.000
2.631 4.908 0.000 3.768 6.045 1.000
4.340 6.582 1.000 4.257 6.500 1.000
3.606 5.745 1.000 4.329 6.467 1.000
4.254 6.861 1.000 4.376 6.983 1.000
4.726 6.741 1.000 5.195 7.210 0.000
4.099 6.192 1.000 4.133 6.226 1.000
2.901 4.935 0.000 3.809 5.843 1.000
3.782 5.966 1.000 3.848 6.032 1.000
2.950 4.649 0.000 3.894 5.594 1.000
3.669 5.813 1.000 4.584 6.727 1.000
4.343 6.868 1.000 4.425 6.951 1.000
4.014 5.917 1.000 4.216 6.119 1.000
3.496 5.628 1.000 3.250 5.382 1.000
3.594 5.747 1.000 4.003 6.156 1.000
3.500 5.707 1.000 4.783 6.990 1.000
4.519 6.663 1.000 4.198 6.342 1.000
5.384 7.333 0.000 5.520 7.469 0.000
3.229 5.339 1.000 3.826 5.936 1.000
3.960 6.191 1.000 4.513 6.744 1.000
3.699 6.042 1.000 4.436 6.779 1.000
3.246 5.417 1.000 3.749 5.919 1.000
2.977 5.299 1.000 4.105 6.427 1.000
4.404 6.831 1.000 4.704 7.131 1.000
4.609 6.891 1.000 4.752 7.033 1.000
4.249 6.108 1.000 4.404 6.263 1.000
4.670 7.366 1.000 5.306 8.003 0.000
3.659 5.495 1.000 3.748 5.583 1.000
3.686 5.799 1.000 4.094 6.207 1.000
4.173 6.119 1.000 4.445 6.392 1.000
3.958 5.885 1.000 3.901 5.827 1.000
3.105 5.035 0.000 3.930 5.859 1.000
4.311 6.380 1.000 4.129 6.198 1.000
3.914 6.091 1.000 4.472 6.650 1.000
3.965 6.294 1.000 4.733 7.062 1.000
4.724 6.763 1.000 4.889 6.928 1.000
4.315 6.356 1.000 4.059 6.099 1.000
4.565 6.779 1.000 5.576 7.789 0.000
4.201 6.170 1.000 4.641 6.610 1.000
4.081 6.378 1.000 4.867 7.164 1.000
3.516 6.079 1.000 4.236 6.799 1.000
3.652 5.511 1.000 3.734 5.593 1.000
3.799 5.774 1.000 4.135 6.110 1.000
3.654 5.721 1.000 4.119 6.186 1.000
3.659 5.502 1.000 3.770 5.614 1.000
3.918 6.264 1.000 4.469 6.815 1.000
4.383 6.399 1.000 4.522 6.538 1.000
2.603 4.570 0.000 3.988 5.955 1.000
2.712 4.944 0.000 3.502 5.734 1.000
4.194 6.591 1.000 4.481 6.878 1.000
4.187 6.399 1.000 4.830 7.043 1.000
3.679 5.971 1.000 4.367 6.659 1.000
3.115 5.226 1.000 3.441 5.552 1.000
3.810 6.169 1.000 4.236 6.595 1.000
4.000 6.239 1.000 4.476 6.715 1.000
3.929 5.909 1.000 4.342 6.322 1.000
3.712 5.883 1.000 4.799 6.971 1.000
3.748 5.666 1.000 4.178 6.096 1.000
3.068 5.101 1.000 3.638 5.671 1.000
3.966 6.258 1.000 4.159 6.451 1.000
5.114 7.032 0.000 5.318 7.236 0.000
4.574 6.268 1.000 4.452 6.146 1.000
3.946 6.184 1.000 4.014 6.253 1.000
4.402 6.626 1.000 4.619 6.843 1.000
4.293 6.201 1.000 4.612 6.520 1.000
4.463 6.719 1.000 4.404 6.660 1.000
4.617 7.013 1.000 4.211 6.607 1.000
4.394 6.834 1.000 4.614 7.054 1.000
3.365 5.546 1.000 3.788 5.969 1.000
4.811 6.988 1.000 4.615 6.791 1.000
3.478 5.614 1.000 3.875 6.012 1.000
4.132 6.488 1.000 4.431 6.786 1.000
4.610 6.739 1.000 4.469 6.599 1.000
3.917 5.856 1.000 4.593 6.532 1.000
4.099 6.217 1.000 4.492 6.610 1.000
3.717 5.676 1.000 4.430 6.389 1.000
4.027 6.161 1.000 4.474 6.608 1.000
3.818 6.091 1.000 3.997 6.271 1.000
4.575 6.552 1.000 4.492 6.469 1.000
3.515 5.777 1.000 4.036 6.298 1.000
3.469 6.277 1.000 3.840 6.647 1.000
3.641 5.722 1.000 3.964 6.045 1.000
3.780 6.149 1.000 4.470 6.839 1.000
4.512 6.777 1.000 4.947 7.211 1.000
2.873 5.026 0.000 3.997 6.151 1.000
4.585 7.002 1.000 4.705 7.122 1.000
3.944 6.350 1.000 4.513 6.919 1.000
4.821 6.898 1.000 5.196 7.273 0.000
3.888 5.751 1.000 4.054 5.917 1.000
3.326 5.400 1.000 3.692 5.767 1.000
3.085 4.977 0.000 3.919 5.811 1.000
5.432 7.441 0.000 5.619 7.628 0.000
3.901 6.231 1.000 4.204 6.534 1.000
3.743 6.489 1.000 3.795 6.541 1.000
4.407 6.410 1.000 4.888 6.891 1.000
4.345 6.342 1.000 5.124 7.120 0.000
4.006 6.188 1.000 4.712 6.895 1.000
3.987 5.910 1.000 4.264 6.188 1.000
3.456 5.738 1.000 4.376 6.658 1.000
3.963 5.897 1.000 4.134 6.068 1.000
3.645 5.585 1.000 4.298 6.238 1.000
3.183 5.498 1.000 3.673 5.988 1.000
3.988 6.181 1.000 4.281 6.474 1.000
4.687 7.006 1.000 4.356 6.675 1.000
3.818 5.724 1.000 4.122 6.028 1.000
4.035 5.902 1.000 3.814 5.681 1.000
2.690 4.996 0.000 3.640 5.946 1.000
3.806 5.565 1.000 3.533 5.293 1.000
4.413 6.380 1.000 4.324 6.291 1.000
5.338 7.481 0.000 5.169 7.312 0.000
3.985 5.965 1.000 3.971 5.951 1.000
4.063 6.353 1.000 4.268 6.558 1.000
4.826 6.736 1.000 4.653 6.562 1.000
3.227 5.302 1.000 3.878 5.952 1.000
3.591 5.709 1.000 4.104 6.222 1.000
3.795 5.890 1.000 4.147 6.243 1.000
3.710 5.890 1.000 3.829 6.009 1.000
4.788 6.703 1.000 5.050 6.964 0.000
3.494 5.435 1.000 4.416 6.357 1.000
4.075 6.314 1.000 4.171 6.410 1.000
3.673 5.942 1.000 3.598 5.867 1.000
3.983 6.313 1.000 4.490 6.821 1.000
2.855 5.326 1.000 3.685 6.156 1.000
3.063 5.107 1.000 3.912 5.956 1.000
2.152 4.149 0.000 3.594 5.591 1.000
3.704 6.054 1.000 4.423 6.774 1.000
5.710 7.431 0.000 6.009 7.730 0.000
3.464 5.722 1.000 4.058 6.315 1.000
4.086 6.324 1.000 4.514 6.752 1.000
2.454 4.413 0.000 3.072 5.031 0.000
3.558 5.599 1.000 4.180 6.221 1.000
3.644 6.270 1.000 4.124 6.750 1.000
5.184 7.363 0.000 4.670 6.849 1.000
4.935 6.631 1.000 5.112 6.808 0.000
4.153 6.337 1.000 4.681 6.865 1.000
4.666 6.537 1.000 5.000 6.871 1.000
4.490 6.669 1.000 4.829 7.008 1.000
4.305 6.851 1.000 4.392 6.938 1.000
3.838 5.739 1.000 4.391 6.291 1.000
3.024 4.978 0.000 3.344 5.298 1.000
4.482 7.114 1.000 4.413 7.045 1.000
3.979 5.972 1.000 4.621 6.613 1.000
4.131 5.970 1.000 4.371 6.210 1.000
4.238 6.405 1.000 4.050 6.216 1.000
3.616 5.910 1.000 4.534 6.829 1.000
3.504 5.926 1.000 4.576 6.999 1.000
3.893 6.276 1.000 4.141 6.524 1.000
3.605 5.849 1.000 4.661 6.906 1.000
3.485 5.394 1.000 3.856 5.764 1.000
3.537 6.161 1.000 3.738 6.362 1.000
3.140 5.080 1.000 3.839 5.779 1.000
3.290 5.162 1.000 4.043 5.915 1.000
3.617 5.887 1.000 4.353 6.623 1.000
3.156 5.448 1.000 3.658 5.951 1.000
3.913 5.868 1.000 4.326 6.281 1.000
2.773 4.899 0.000 4.087 6.213 1.000
4.734 7.153 1.000 5.335 7.755 0.000
3.955 5.974 1.000 4.648 6.668 1.000
3.427 5.213 1.000 4.290 6.076 1.000
3.163 5.327 1.000 3.925 6.090 1.000
3.091 5.159 1.000 3.284 5.353 1.000
3.197 5.102 1.000 3.801 5.706 1.000
4.226 6.654 1.000 4.749 7.176 1.000
3.524 5.580 1.000 4.425 6.481 1.000
3.015 5.147 1.000 3.704 5.836 1.000
3.628 5.527 1.000 4.190 6.089 1.000
3.990 5.856 1.000 4.143 6.009 1.000
4.246 6.454 1.000 3.695 5.903 1.000
3.666 5.639 1.000 3.735 5.708 1.000
3.500 5.425 1.000 3.788 5.713 1.000
4.484 6.972 1.000 4.725 7.213 1.000
3.172 5.235 1.000 3.667 5.730 1.000
3.184 5.273 1.000 4.022 6.112 1.000
2.947 5.237 1.000 4.064 6.355 1.000
3.899 6.087 1.000 3.884 6.073 1.000
4.774 7.275 1.000 4.834 7.335 1.000
3.911 6.118 1.000 4.037 6.244 1.000
4.130 6.042 1.000 3.962 5.874 1.000
4.337 6.655 1.000 4.727 7.045 1.000
4.186 6.360 1.000 4.294 6.468 1.000
3.077 5.334 1.000 4.142 6.399 1.000
4.050 5.940 1.000 4.815 6.704 1.000
3.696 5.913 1.000 4.595 6.812 1.000
3.699 5.813 1.000 4.404 6.518 1.000
4.690 6.667 1.000 4.880 6.857 1.000
4.003 6.126 1.000 5.062 7.185 0.000
4.492 6.745 1.000 5.109 7.362 0.000
3.804 5.782 1.000 4.591 6.568 1.000
4.125 6.462 1.000 4.542 6.879 1.000
3.056 5.343 1.000 3.687 5.974 1.000
3.399 5.663 1.000 4.039 6.303 1.000
4.114 6.452 1.000 4.336 6.674 1.000
3.365 5.594 1.000 4.048 6.277 1.000
2.874 5.074 1.000 3.530 5.730 1.000
3.306 5.288 1.000 3.814 5.796 1.000
3.438 5.526 1.000 4.115 6.203 1.000
3.806 5.818 1.000 4.159 6.170 1.000
3.564 5.974 1.000 3.688 6.098 1.000
4.016 6.448 1.000 4.640 7.072 1.000
4.609 6.662 1.000 4.992 7.045 1.000
2.814 5.167 1.000 3.151 5.504 1.000
3.885 6.014 1.000 4.083 6.212 1.000
5.020 6.975 1.000 5.301 7.256 0.000
3.664 5.679 1.000 4.171 6.187 1.000
2.895 5.059 1.000 4.019 6.183 1.000
4.559 6.828 1.000 4.684 6.953 1.000
3.605 6.041 1.000 4.364 6.801 1.000
4.042 6.059 1.000 4.177 6.195 1.000
3.233 5.225 1.000 4.171 6.163 1.000
3.985 6.098 1.000 4.585 6.698 1.000
3.235 5.481 1.000 4.058 6.305 1.000
3.876 5.681 1.000 4.069 5.875 1.000
4.051 6.306 1.000 4.565 6.820 1.000
4.719 6.940 1.000 4.961 7.182 1.000
3.720 5.738 1.000 3.792 5.810 1.000
4.382 6.476 1.000 4.649 6.743 1.000
4.394 6.783 1.000 4.992 7.381 1.000
3.099 5.466 1.000 3.935 6.302 1.000
3.368 5.473 1.000 3.929 6.033 1.000
3.553 5.761 1.000 4.112 6.321 1.000
3.480 5.788 1.000 3.621 5.929 1.000
2.871 4.878 0.000 3.454 5.462 1.000
4.274 6.355 1.000 4.622 6.702 1.000
3.267 5.525 1.000 4.378 6.636 1.000
4.000 6.061 1.000 4.319 6.380 1.000
4.177 6.490 1.000 4.543 6.856 1.000
3.528 5.319 1.000 4.034 5.825 1.000
4.277 6.631 1.000 4.130 6.484 1.000
3.500 5.567 1.000 4.346 6.414 1.000
2.867 5.175 1.000 4.207 6.515 1.000
4.085 6.301 1.000 3.893 6.109 1.000
4.282 6.304 1.000 4.408 6.430 1.000
4.316 6.658 1.000 4.428 6.769 1.000
3.578 5.494 1.000 3.338 5.253 1.000
3.514 5.441 1.000 3.964 5.891 1.000
3.846 5.903 1.000 4.243 6.300 1.000
3.282 5.274 1.000 3.825 5.817 1.000
3.486 5.525 1.000 4.172 6.211 1.000
4.156 6.145 1.000 4.666 6.655 1.000
4.160 6.069 1.000 3.958 5.867 1.000
3.902 6.332 1.000 4.559 6.989 1.000
4.132 6.295 1.000 4.224 6.386 1.000
5.082 7.415 0.000 4.515 6.848 1.000
3.864 5.879 1.000 4.412 6.427 1.000
4.485 6.632 1.000 4.233 6.379 1.000
3.368 5.827 1.000 3.425 5.884 1.000
3.925 6.232 1.000 4.121 6.428 1.000
4.185 6.669 1.000 3.961 6.445 1.000
4.376 6.542 1.000 4.667 6.833 1.000
4.658 6.767 1.000 4.677 6.785 1.000
3.613 5.544 1.000 4.000 5.931 1.000
3.525 5.670 1.000 4.205 6.349 1.000
3.261 5.351 1.000 4.149 6.239 1.000
3.747 5.487 1.000 3.921 5.660 1.000
2.625 4.450 0.000 3.699 5.524 1.000
3.630 5.163 1.000 3.617 5.149 1.000
4.552 6.713 1.000 4.392 6.553 1.000
4.427 6.189 1.000 4.634 6.396 1.000
2.678 4.534 0.000 3.604 5.460 1.000
2.891 5.030 0.000 4.371 6.510 1.000
4.363 6.527 1.000 4.789 6.952 1.000
4.281 6.106 1.000 4.736 6.561 1.000
3.075 5.010 0.000 3.657 5.592 1.000
5.403 7.455 0.000 5.850 7.901 0.000
3.630 5.533 1.000 4.634 6.537 1.000
4.465 6.743 1.000 4.981 7.259 1.000
4.426 6.671 1.000 4.678 6.923 1.000
3.244 5.435 1.000 3.313 5.504 1.000
5.033 7.121 1.000 4.564 6.652 1.000
3.104 5.217 1.000 3.768 5.881 1.000
5.913 7.760 0.000 5.784 7.631 0.000
3.377 5.139 1.000 4.008 5.770 1.000
3.427 5.615 1.000 4.392 6.580 1.000
4.034 5.943 1.000 4.028 5.937 1.000
2.220 4.247 0.000 3.409 5.436 1.000
3.869 6.289 1.000 3.994 6.415 1.000
4.414 6.665 1.000 4.419 6.670 1.000
3.405 5.679 1.000 4.200 6.474 1.000
3.784 5.906 1.000 4.419 6.541 1.000
4.321 6.474 1.000 4.488 6.641 1.000
4.416 6.656 1.000 4.677 6.917 1.000
4.106 6.181 1.000 4.685 6.761 1.000
3.056 5.108 1.000 4.402 6.454 1.000
2.947 4.957 0.000 3.954 5.964 1.000
3.680 5.799 1.000 4.064 6.184 1.000
4.263 6.381 1.000 4.407 6.525 1.000
2.799 4.867 0.000 3.612 5.680 1.000
3.903 5.555 1.000 3.834 5.485 1.000
3.231 5.072 1.000 4.065 5.905 1.000
3.207 5.827 1.000 4.295 6.914 1.000
2.935 5.045 1.000 3.957 6.067 1.000
3.578 5.719 1.000 4.194 6.335 1.000
3.697 6.095 1.000 4.450 6.847 1.000
5.474 7.412 0.000 5.177 7.114 0.000
5.093 7.371 0.000 4.645 6.923 1.000
3.874 5.984 1.000 4.254 6.364 1.000
4.626 6.481 1.000 4.914 6.769 1.000
4.335 6.449 1.000 4.517 6.631 1.000
4.303 6.639 1.000 4.431 6.766 1.000
4.390 6.793 1.000 4.497 6.900 1.000
3.795 5.888 1.000 4.236 6.329 1.000
2.947 4.649 0.000 3.885 5.587 1.000
3.795 6.072 1.000 4.100 6.377 1.000
4.526 6.444 1.000 4.193 6.110 1.000
4.185 6.702 1.000 4.408 6.924 1.000
2.743 4.964 0.000 3.627 5.849 1.000
3.571 5.741 1.000 3.890 6.061 1.000
4.315 6.411 1.000 4.473 6.569 1.000
3.973 6.168 1.000 4.098 6.293 1.000
3.890 6.396 1.000 4.298 6.803 1.000
3.697 5.847 1.000 4.008 6.158 1.000
5.631 7.673 0.000 5.426 7.467 0.000
3.771 5.638 1.000 4.168 6.036 1.000
3.172 5.135 1.000 3.799 5.762 1.000
3.857 6.056 1.000 4.290 6.489 1.000
3.333 5.649 1.000 3.960 6.275 1.000
4.038 5.989 1.000 3.835 5.787 1.000
3.524 5.875 1.000 4.122 6.473 1.000
3.541 5.522 1.000 3.619 5.600 1.000
4.006 6.532 1.000 4.858 7.383 1.000
3.953 5.992 1.000 4.902 6.940 1.000
4.196 6.328 1.000 4.279 6.411 1.000
4.090 6.096 1.000 4.474 6.480 1.000
4.235 6.438 1.000 5.490 7.693 0.000
3.682 6.419 1.000 4.143 6.879 1.000
3.793 5.602 1.000 4.379 6.189 1.000
4.878 7.021 1.000 5.675 7.818 0.000
4.379 6.181 1.000 4.277 6.080 1.000
4.467 6.659 1.000 4.817 7.009 1.000
3.873 5.982 1.000 4.119 6.229 1.000
3.582 5.911 1.000 4.292 6.621 1.000
4.400 6.547 1.000 4.913 7.059 1.000
4.002 6.510 1.000 4.242 6.750 1.000
3.656 5.757 1.000 3.787 5.887 1.000
3.243 5.532 1.000 4.438 6.726 1.000
4.599 6.207 1.000 4.786 6.394 1.000
3.524 5.658 1.000 4.315 6.449 1.000
4.300 6.004 1.000 4.568 6.272 1.000
3.002 4.987 0.000 3.728 5.713 1.000
4.234 6.319 1.000 4.321 6.405 1.000
4.464 6.998 1.000 4.645 7.179 1.000
3.011 4.949 0.000 3.388 5.326 1.000
5.656 7.920 0.000 4.932 7.196 1.000
3.582 5.552 1.000 3.978 5.948 1.000
3.475 5.424 1.000 4.145 6.095 1.000
4.390 6.399 1.000 4.924 6.932 1.000
4.095 6.458 1.000 4.106 6.469 1.000
4.985 6.840 1.000 5.825 7.679 0.000
3.427 5.511 1.000 3.650 5.735 1.000
4.204 6.342 1.000 4.498 6.636 1.000
3.984 6.391 1.000 4.627 7.034 1.000
4.281 6.257 1.000 4.538 6.514 1.000
4.367 6.371 1.000 4.555 6.558 1.000
3.332 5.380 1.000 4.296 6.343 1.000
3.354 5.624 1.000 4.087 6.357 1.000
4.073 6.282 1.000 3.942 6.150 1.000
3.539 5.352 1.000 3.475 5.288 1.000
3.242 5.582 1.000 3.767 6.107 1.000
3.632 5.948 1.000 3.898 6.215 1.000
4.287 6.207 1.000 4.818 6.737 1.000
4.926 6.582 1.000 4.780 6.436 1.000
2.713 4.908 0.000 3.371 5.566 1.000
4.963 7.266 1.000 4.705 7.008 1.000
4.068 5.995 1.000 4.319 6.246 1.000
4.338 6.409 1.000 4.791 6.862 1.000
4.134 6.139 1.000 4.502 6.506 1.000
4.356 6.397 1.000 4.153 6.195 1.000
3.009 4.883 0.000 3.910 5.784 1.000
3.572 5.784 1.000 4.147 6.359 1.000
4.934 7.085 1.000 4.715 6.866 1.000
3.215 5.769 1.000 3.970 6.523 1.000
3.532 5.785 1.000 4.715 6.968 1.000
4.198 6.139 1.000 4.647 6.589 1.000
4.649 6.720 1.000 4.544 6.615 1.000
4.004 5.875 1.000 4.472 6.343 1.000
3.200 5.019 0.000 4.286 6.105 1.000
3.799 6.124 1.000 4.934 7.259 1.000
3.230 5.644 1.000 4.337 6.751 1.000
3.482 5.743 1.000 4.095 6.356 1.000
3.900 6.066 1.000 4.549 6.714 1.000
3.989 6.078 1.000 4.539 6.627 1.000
3.359 5.621 1.000 3.937 6.199 1.000
4.233 6.580 1.000 4.553 6.901 1.000
4.207 6.461 1.000 4.640 6.894 1.000
4.377 6.538 1.000 5.182 7.343 0.000
4.632 6.484 1.000 4.177 6.030 1.000
3.760 5.888 1.000 3.921 6.049 1.000
3.880 5.944 1.000 4.201 6.265 1.000
3.745 5.940 1.000 4.538 6.732 1.000
3.682 5.623 1.000 4.226 6.167 1.000
3.205 5.428 1.000 3.647 5.870 1.000
4.554 6.572 1.000 4.333 6.351 1.000
3.013 5.015 0.000 3.879 5.880 1.000
3.024 4.811 0.000 3.346 5.133 1.000
3.198 5.239 1.000 3.763 5.804 1.000
3.967 6.267 1.000 4.572 6.873 1.000
3.643 5.705 1.000 3.987 6.049 1.000
3.630 5.677 1.000 4.637 6.684 1.000
3.639 5.493 1.000 4.094 5.948 1.000
2.975 4.916 0.000 3.462 5.404 1.000
4.873 7.209 1.000 4.961 7.296 1.000
3.076 5.200 1.000 3.735 5.860 1.000
3.402 5.389 1.000 3.533 5.520 1.000
2.928 5.378 1.000 3.891 6.341 1.000
5.230 7.106 0.000 5.240 7.117 0.000
4.142 6.289 1.000 4.538 6.685 1.000
3.697 5.520 1.000 3.660 5.484 1.000
5.152 7.620 0.000 5.235 7.703 0.000
3.716 5.692 1.000 4.594 6.571 1.000
4.349 6.454 1.000 4.549 6.655 1.000
4.607 6.677 1.000 4.993 7.063 1.000
4.558 6.593 1.000 4.927 6.962 1.000
3.532 5.696 1.000 4.276 6.440 1.000
2.543 4.697 0.000 3.470 5.624 1.000
3.200 5.282 1.000 3.603 5.685 1.000
4.661 6.678 1.000 4.395 6.412 1.000
4.271 6.648 1.000 4.503 6.879 1.000
3.582 5.782 1.000 3.872 6.072 1.000
3.850 5.692 1.000 4.150 5.992 1.000
3.848 6.099 1.000 4.040 6.290 1.000
4.307 6.378 1.000 4.630 6.702 1.000
3.231 5.435 1.000 3.963 6.167 1.000
3.762 6.051 1.000 4.274 6.564 1.000
4.939 6.822 1.000 5.214 7.098 0.000
3.678 5.848 1.000 3.797 5.967 1.000
3.434 5.616 1.000 3.932 6.114 1.000
4.671 6.612 1.000 4.971 6.911 1.000
3.134 5.546 1.000 4.030 6.442 1.000
3.386 5.947 1.000 3.810 6.372 1.000
3.592 5.493 1.000 3.543 5.445 1.000
4.644 6.638 1.000 5.217 7.211 0.000
3.431 5.703 1.000 4.285 6.558 1.000
3.968 6.203 1.000 4.294 6.529 1.000
3.435 5.350 1.000 3.710 5.625 1.000
3.615 5.710 1.000 4.166 6.262 1.000
3.018 4.952 0.000 3.645 5.579 1.000
3.520 5.474 1.000 4.115 6.069 1.000
4.476 6.850 1.000 4.661 7.035 1.000
4.447 6.545 1.000 4.278 6.376 1.000
4.977 6.903 1.000 4.582 6.508 1.000
4.542 6.857 1.000 5.097 7.412 0.000
3.367 5.339 1.000 3.937 5.909 1.000
3.833 6.342 1.000 4.132 6.640 1.000
3.614 5.699 1.000 4.215 6.301 1.000
4.491 6.367 1.000 4.789 6.666 1.000
3.718 5.653 1.000 3.889 5.825 1.000
4.059 5.953 1.000 4.220 6.114 1.000
3.621 6.000 1.000 4.328 6.707 1.000
3.706 5.888 1.000 4.776 6.958 1.000
4.727 6.659 1.000 5.082 7.015 0.000
3.817 6.090 1.000 3.764 6.037 1.000
3.471 5.502 1.000 4.487 6.518 1.000
4.072 5.956 1.000 4.255 6.139 1.000
4.263 6.459 1.000 4.214 6.409 1.000
4.500 6.718 1.000 5.003 7.221 1.000
3.628 5.632 1.000 4.301 6.305 1.000
3.630 6.025 1.000 4.040 6.435 1.000
4.253 6.744 1.000 4.724 7.214 1.000
3.799 5.907 1.000 4.222 6.331 1.000
4.588 7.172 1.000 4.540 7.124 1.000
3.644 5.564 1.000 3.965 5.885 1.000
2.634 4.536 0.000 3.620 5.523 1.000
3.464 5.847 1.000 3.625 6.008 1.000
2.811 5.282 1.000 3.369 5.841 1.000
3.200 5.546 1.000 4.206 6.552 1.000
5.071 7.110 0.000 4.707 6.746 1.000
4.625 7.038 1.000 4.531 6.944 1.000
4.147 6.399 1.000 4.677 6.929 1.000
4.112 6.168 1.000 4.750 6.806 1.000
4.129 6.254 1.000 4.417 6.543 1.000
3.610 5.947 1.000 4.078 6.415 1.000
2.699 4.648 0.000 4.270 6.219 1.000
3.865 5.852 1.000 4.499 6.486 1.000
4.791 7.045 1.000 5.093 7.346 0.000
3.639 5.532 1.000 4.103 5.996 1.000
4.118 6.218 1.000 4.627 6.727 1.000
3.987 6.509 1.000 4.686 7.208 1.000
3.971 5.991 1.000 4.394 6.414 1.000
4.183 6.143 1.000 4.347 6.307 1.000
3.893 6.156 1.000 3.672 5.935 1.000
3.777 5.925 1.000 4.394 6.541 1.000
3.923 5.996 1.000 4.899 6.972 1.000
3.723 5.817 1.000 4.053 6.146 1.000
4.458 6.458 1.000 4.712 6.713 1.000
3.766 5.578 1.000 4.134 5.945 1.000
4.315 6.466 1.000 5.016 7.167 1.000
4.422 6.590 1.000 4.960 7.128 1.000
5.155 6.908 0.000 5.022 6.774 1.000
4.828 7.027 1.000 5.229 7.428 0.000
4.084 6.225 1.000 4.310 6.451 1.000
3.854 6.247 1.000 4.223 6.616 1.000
3.729 5.481 1.000 4.118 5.870 1.000
4.562 6.791 1.000 4.722 6.951 1.000
