4.298 6.483 1.000 4.714 6.899 1.000
3.896 6.112 1.000 4.758 6.974 1.000
3.997 6.311 1.000 4.318 6.632 1.000
3.306 5.403 1.000 3.962 6.059 1.000
3.768 6.108 1.000 4.257 6.597 1.000
4.441 6.678 1.000 4.788 7.025 1.000
3.967 6.459 1.000 4.589 7.082 1.000
3.823 6.128 1.000 3.948 6.253 1.000
3.754 6.016 1.000 4.677 6.939 1.000
4.697 7.357 1.000 4.765 7.425 1.000
4.170 6.449 1.000 4.429 6.707 1.000
3.968 6.440 1.000 4.493 6.966 1.000
5.059 7.728 1.000 5.600 8.270 0.000
4.854 7.146 1.000 4.645 6.937 1.000
2.526 4.795 0.000 3.708 5.977 1.000
4.431 6.929 1.000 4.940 7.438 1.000
3.522 5.699 1.000 3.918 6.095 1.000
3.535 5.579 1.000 4.440 6.484 1.000
3.044 5.130 0.000 3.935 6.020 1.000
4.730 6.969 1.000 4.602 6.841 1.000
3.700 6.133 1.000 4.074 6.507 1.000
4.382 6.541 1.000 5.044 7.203 1.000
3.851 6.079 1.000 4.143 6.370 1.000
3.929 6.167 1.000 4.402 6.641 1.000
3.328 5.700 1.000 3.936 6.308 1.000
3.230 5.357 1.000 3.778 5.906 1.000
3.319 5.445 1.000 3.842 5.969 1.000
4.973 6.943 1.000 5.174 7.144 0.000
3.706 6.395 1.000 4.405 7.094 1.000
3.881 6.066 1.000 4.261 6.447 1.000
3.858 5.880 1.000 4.078 6.100 1.000
3.935 6.380 1.000 4.395 6.839 1.000
3.349 5.479 1.000 3.854 5.983 1.000
4.080 6.329 1.000 3.804 6.053 1.000
2.447 4.805 0.000 3.278 5.637 1.000
3.619 6.036 1.000 4.405 6.823 1.000
3.772 5.933 1.000 4.214 6.375 1.000
2.257 4.786 0.000 3.664 6.193 1.000
2.960 4.951 0.000 3.340 5.332 1.000
4.604 7.177 1.000 4.688 7.261 1.000
3.669 5.837 1.000 3.818 5.986 1.000
4.753 7.019 1.000 4.831 7.098 1.000
3.012 5.394 1.000 3.679 6.061 1.000
5.100 7.356 1.000 5.139 7.394 1.000
3.389 5.512 1.000 3.999 6.121 1.000
4.624 6.856 1.000 4.609 6.842 1.000
4.826 7.745 1.000 4.321 7.239 1.000
3.938 6.072 1.000 4.535 6.670 1.000
3.060 5.504 1.000 4.035 6.480 1.000
4.081 6.343 1.000 4.623 6.886 1.000
3.959 6.256 1.000 4.702 6.999 1.000
3.755 6.311 1.000 4.164 6.721 1.000
3.940 6.044 1.000 4.020 6.125 1.000
3.766 5.718 1.000 4.122 6.074 1.000
3.470 5.642 1.000 4.144 6.316 1.000
2.719 4.594 0.000 3.608 5.483 1.000
4.091 6.464 1.000 4.214 6.587 1.000
3.123 5.707 1.000 4.004 6.588 1.000
2.863 5.177 1.000 3.619 5.933 1.000
3.217 5.525 1.000 3.887 6.195 1.000
4.777 7.059 1.000 4.663 6.945 1.000
3.171 5.029 0.000 3.741 5.598 1.000
4.621 7.056 1.000 4.786 7.221 1.000
4.490 6.612 1.000 4.830 6.952 1.000
5.101 7.219 1.000 5.391 7.510 0.000
3.716 5.917 1.000 4.191 6.392 1.000
4.228 6.704 1.000 4.721 7.197 1.000
3.408 5.737 1.000 4.644 6.973 1.000
4.190 6.598 1.000 4.567 6.974 1.000
3.462 5.327 1.000 4.081 5.947 1.000
3.585 5.850 1.000 4.182 6.448 1.000
3.673 5.828 1.000 3.996 6.151 1.000
3.793 6.338 1.000 4.278 6.823 1.000
3.529 5.853 1.000 3.485 5.809 1.000
5.128 7.534 1.000 5.184 7.590 0.000
5.060 7.455 1.000 5.140 7.534 1.000
4.713 7.248 1.000 4.710 7.245 1.000
4.051 6.428 1.000 4.556 6.933 1.000
4.523 6.646 1.000 5.045 7.169 1.000
3.483 6.062 1.000 4.022 6.602 1.000
4.484 6.394 1.000 5.084 6.994 1.000
3.342 5.472 1.000 4.663 6.793 1.000
3.522 5.456 1.000 4.233 6.167 1.000
3.139 5.170 1.000 3.575 5.606 1.000
3.991 6.229 1.000 4.097 6.335 1.000
3.541 5.744 1.000 4.338 6.542 1.000
3.351 5.445 1.000 3.967 6.061 1.000
3.866 5.896 1.000 4.523 6.553 1.000
4.301 6.367 1.000 4.723 6.789 1.000
3.749 5.829 1.000 4.683 6.763 1.000
4.061 6.458 1.000 4.145 6.542 1.000
3.165 5.640 1.000 4.083 6.558 1.000
4.126 6.107 1.000 4.283 6.264 1.000
3.476 5.330 1.000 4.073 5.927 1.000
3.328 5.436 1.000 4.124 6.232 1.000
3.233 5.212 1.000 3.594 5.573 1.000
5.301 7.639 0.000 4.693 7.032 1.000
5.004 6.811 1.000 5.051 6.858 1.000
3.682 5.929 1.000 4.274 6.520 1.000
4.605 6.764 1.000 5.249 7.407 0.000
4.726 7.166 1.000 4.898 7.337 1.000
3.746 6.109 1.000 3.890 6.252 1.000
3.804 5.850 1.000 3.598 5.644 1.000
3.814 5.653 1.000 3.838 5.677 1.000
3.498 5.797 1.000 4.294 6.593 1.000
4.005 6.430 1.000 4.459 6.883 1.000
3.376 5.215 1.000 3.968 5.808 1.000
5.485 7.817 0.000 5.513 7.846 0.000
3.887 5.982 1.000 4.213 6.308 1.000
3.855 5.636 1.000 4.519 6.300 1.000
4.006 6.017 1.000 4.252 6.263 1.000
4.229 6.221 1.000 4.664 6.657 1.000
3.602 5.952 1.000 3.825 6.175 1.000
2.697 4.398 0.000 3.184 4.886 0.000
2.947 5.040 0.000 3.642 5.735 1.000
4.362 6.266 1.000 3.995 5.900 1.000
3.830 5.958 1.000 3.613 5.741 1.000
3.828 6.078 1.000 4.068 6.318 1.000
4.229 6.787 1.000 4.549 7.107 1.000
3.293 5.481 1.000 4.166 6.354 1.000
3.925 5.988 1.000 4.108 6.171 1.000
2.568 4.629 0.000 3.359 5.419 1.000
3.743 6.090 1.000 4.274 6.622 1.000
4.008 6.231 1.000 4.233 6.456 1.000
4.257 6.471 1.000 4.416 6.629 1.000
4.163 6.404 1.000 4.285 6.526 1.000
2.792 5.187 1.000 3.489 5.885 1.000
3.709 5.861 1.000 3.945 6.097 1.000
4.524 6.478 1.000 3.898 5.851 1.000
3.589 5.664 1.000 4.096 6.171 1.000
2.632 4.694 0.000 3.041 5.103 0.000
5.467 7.808 0.000 4.887 7.228 1.000
4.395 6.771 1.000 5.047 7.423 1.000
4.327 6.484 1.000 4.162 6.319 1.000
5.193 7.198 0.000 5.354 7.360 0.000
3.983 5.883 1.000 4.272 6.173 1.000
3.129 5.495 1.000 3.925 6.291 1.000
4.594 6.776 1.000 4.883 7.065 1.000
4.545 6.582 1.000 4.527 6.565 1.000
3.536 5.654 1.000 3.801 5.919 1.000
3.208 5.963 1.000 3.906 6.660 1.000
3.355 5.454 1.000 3.759 5.857 1.000
3.991 5.994 1.000 4.081 6.084 1.000
3.246 5.404 1.000 3.576 5.735 1.000
4.353 6.506 1.000 4.404 6.556 1.000
3.655 5.847 1.000 4.354 6.545 1.000
3.739 5.937 1.000 3.752 5.950 1.000
3.301 5.729 1.000 3.821 6.249 1.000
3.368 5.454 1.000 3.790 5.876 1.000
4.336 6.713 1.000 5.241 7.618 0.000
3.671 5.841 1.000 4.514 6.684 1.000
3.193 5.488 1.000 3.858 6.153 1.000
3.226 5.367 1.000 4.102 6.243 1.000
3.579 5.791 1.000 4.086 6.298 1.000
3.914 6.104 1.000 4.738 6.928 1.000
4.130 6.311 1.000 4.086 6.267 1.000
4.433 6.422 1.000 5.037 7.026 1.000
3.028 5.117 0.000 3.772 5.861 1.000
5.063 7.232 1.000 4.835 7.004 1.000
3.050 5.265 1.000 3.858 6.072 1.000
3.860 6.304 1.000 3.933 6.376 1.000
4.180 6.412 1.000 4.574 6.807 1.000
3.109 5.366 1.000 3.546 5.803 1.000
3.002 4.907 0.000 3.627 5.531 1.000
2.899 4.969 0.000 3.650 5.720 1.000
4.179 6.507 1.000 4.325 6.653 1.000
4.051 6.208 1.000 4.594 6.751 1.000
3.428 6.023 1.000 4.925 7.520 1.000
4.788 6.738 1.000 4.916 6.866 1.000
3.739 6.191 1.000 4.107 6.559 1.000
4.169 6.322 1.000 4.745 6.898 1.000
4.210 6.315 1.000 4.394 6.499 1.000
3.663 5.801 1.000 4.280 6.418 1.000
4.141 6.154 1.000 4.549 6.562 1.000
3.395 6.037 1.000 3.883 6.524 1.000
3.149 5.360 1.000 3.603 5.813 1.000
5.028 7.091 1.000 5.080 7.143 1.000
4.414 6.516 1.000 4.565 6.668 1.000
3.253 5.512 1.000 4.624 6.882 1.000
3.985 6.429 1.000 4.664 7.107 1.000
4.440 6.835 1.000 4.525 6.920 1.000
4.445 6.435 1.000 4.688 6.678 1.000
3.590 5.608 1.000 4.351 6.370 1.000
3.268 5.359 1.000 3.885 5.977 1.000
4.142 6.814 1.000 4.839 7.510 1.000
3.231 5.155 1.000 3.921 5.845 1.000
2.924 5.605 1.000 4.263 6.943 1.000
4.269 6.667 1.000 4.508 6.907 1.000
4.179 6.221 1.000 4.669 6.711 1.000
3.017 5.102 0.000 3.377 5.462 1.000
3.975 6.169 1.000 4.472 6.666 1.000
4.036 6.013 1.000 4.117 6.094 1.000
4.686 6.618 1.000 4.851 6.783 1.000
3.320 5.712 1.000 3.959 6.351 1.000
3.569 5.863 1.000 4.243 6.537 1.000
2.715 4.877 0.000 3.171 5.334 1.000
3.891 6.292 1.000 5.065 7.466 1.000
3.005 5.111 0.000 3.498 5.603 1.000
3.910 6.091 1.000 3.842 6.024 1.000
4.262 6.421 1.000 4.564 6.722 1.000
3.598 6.023 1.000 4.760 7.185 1.000
4.088 6.562 1.000 4.359 6.832 1.000
4.259 6.271 1.000 4.704 6.716 1.000
4.706 6.941 1.000 5.376 7.611 0.000
5.209 7.394 0.000 4.820 7.005 1.000
2.979 5.254 1.000 3.701 5.976 1.000
3.937 6.190 1.000 4.336 6.589 1.000
1.967 4.501 0.000 3.281 5.815 1.000
3.719 5.914 1.000 4.541 6.736 1.000
3.810 6.029 1.000 3.921 6.140 1.000
3.688 5.901 1.000 4.321 6.535 1.000
2.700 4.809 0.000 3.393 5.502 1.000
3.752 5.933 1.000 4.114 6.295 1.000
4.115 6.457 1.000 4.978 7.320 1.000
3.661 6.093 1.000 4.226 6.658 1.000
4.907 7.220 1.000 5.091 7.404 1.000
3.469 5.954 1.000 4.256 6.740 1.000
3.975 6.131 1.000 4.797 6.953 1.000
4.599 6.559 1.000 4.578 6.538 1.000
3.090 5.310 1.000 3.643 5.863 1.000
3.488 5.628 1.000 4.735 6.875 1.000
3.386 5.606 1.000 3.859 6.079 1.000
3.563 5.632 1.000 4.043 6.112 1.000
3.924 5.907 1.000 4.497 6.480 1.000
3.491 5.567 1.000 3.779 5.855 1.000
4.183 6.468 1.000 4.328 6.613 1.000
4.582 6.565 1.000 5.002 6.986 1.000
3.754 6.054 1.000 3.954 6.254 1.000
3.005 4.946 0.000 3.709 5.650 1.000
1.662 3.982 0.000 3.516 5.836 1.000
3.372 5.898 1.000 4.231 6.757 1.000
3.133 5.545 1.000 4.126 6.537 1.000
3.279 5.574 1.000 3.896 6.191 1.000
2.977 5.393 1.000 3.392 5.808 1.000
5.050 7.512 1.000 4.693 7.155 1.000
3.666 5.816 1.000 4.381 6.531 1.000
3.917 6.624 1.000 4.517 7.224 1.000
3.649 5.879 1.000 3.906 6.136 1.000
3.323 5.416 1.000 4.151 6.244 1.000
3.882 5.941 1.000 4.587 6.646 1.000
4.185 6.339 1.000 4.841 6.995 1.000
4.356 6.782 1.000 4.442 6.868 1.000
4.499 6.572 1.000 4.524 6.597 1.000
3.667 5.598 1.000 4.473 6.404 1.000
4.290 6.391 1.000 4.712 6.813 1.000
4.132 6.148 1.000 4.347 6.363 1.000
2.556 4.520 0.000 3.651 5.615 1.000
3.928 6.376 1.000 4.449 6.897 1.000
2.740 5.079 0.000 4.250 6.590 1.000
3.342 5.691 1.000 3.941 6.291 1.000
4.029 6.025 1.000 4.277 6.273 1.000
3.648 5.557 1.000 4.382 6.291 1.000
3.033 4.949 0.000 3.717 5.634 1.000
5.108 7.478 1.000 4.974 7.344 1.000
3.374 5.463 1.000 3.839 5.927 1.000
3.593 5.820 1.000 4.339 6.566 1.000
3.450 5.634 1.000 3.879 6.064 1.000
3.820 5.825 1.000 4.694 6.698 1.000
4.110 5.958 1.000 4.239 6.086 1.000
3.393 5.715 1.000 4.234 6.556 1.000
4.124 6.952 1.000 4.452 7.281 1.000
2.784 5.223 1.000 3.644 6.084 1.000
3.699 5.849 1.000 4.543 6.694 1.000
3.695 6.081 1.000 4.763 7.149 1.000
4.115 6.154 1.000 4.519 6.558 1.000
3.817 5.703 1.000 4.048 5.935 1.000
3.662 5.826 1.000 4.005 6.169 1.000
2.849 5.046 0.000 3.661 5.859 1.000
5.300 7.318 0.000 5.310 7.328 0.000
3.874 6.219 1.000 3.952 6.296 1.000
4.743 6.745 1.000 5.582 7.584 0.000
3.728 5.891 1.000 4.340 6.504 1.000
3.687 6.352 1.000 4.549 7.214 1.000
4.933 6.803 1.000 4.901 6.772 1.000
3.814 5.986 1.000 4.442 6.614 1.000
3.676 5.688 1.000 4.238 6.249 1.000
5.077 6.921 1.000 5.361 7.204 0.000
4.044 5.981 1.000 4.408 6.345 1.000
4.489 6.569 1.000 4.754 6.834 1.000
3.775 6.010 1.000 4.601 6.835 1.000
5.004 7.073 1.000 5.017 7.086 1.000
3.772 6.260 1.000 4.416 6.904 1.000
3.076 5.242 1.000 3.810 5.975 1.000
3.789 6.154 1.000 4.228 6.593 1.000
3.902 6.139 1.000 4.107 6.345 1.000
3.562 6.092 1.000 4.362 6.891 1.000
3.083 5.114 0.000 3.847 5.879 1.000
3.375 5.679 1.000 4.271 6.574 1.000
3.819 5.991 1.000 4.217 6.389 1.000
3.615 5.554 1.000 3.734 5.673 1.000
4.987 7.334 1.000 4.746 7.093 1.000
3.364 5.232 1.000 3.828 5.696 1.000
3.808 6.317 1.000 4.569 7.078 1.000
3.040 4.977 0.000 3.675 5.611 1.000
4.334 6.202 1.000 4.289 6.158 1.000
3.269 5.427 1.000 3.983 6.141 1.000
4.872 6.906 1.000 4.772 6.806 1.000
3.246 5.222 1.000 3.050 5.026 0.000
4.204 6.066 1.000 4.873 6.734 1.000
4.328 6.452 1.000 5.266 7.390 0.000
4.049 6.082 1.000 4.208 6.241 1.000
2.586 4.794 0.000 3.433 5.641 1.000
4.168 6.142 1.000 4.594 6.568 1.000
4.162 6.328 1.000 4.204 6.370 1.000
2.871 5.256 1.000 3.823 6.208 1.000
2.985 5.403 1.000 3.595 6.013 1.000
4.016 6.168 1.000 4.568 6.720 1.000
3.515 5.814 1.000 3.879 6.178 1.000
3.617 5.575 1.000 4.112 6.070 1.000
3.681 6.098 1.000 4.232 6.649 1.000
3.878 6.295 1.000 4.151 6.567 1.000
3.316 5.318 1.000 3.966 5.968 1.000
2.552 4.682 0.000 3.672 5.802 1.000
4.878 7.329 1.000 4.646 7.096 1.000
4.927 6.877 1.000 5.155 7.104 0.000
3.301 5.598 1.000 4.040 6.337 1.000
4.026 6.226 1.000 4.123 6.323 1.000
4.201 6.151 1.000 4.483 6.434 1.000
3.112 5.265 1.000 3.186 5.339 1.000
3.778 5.879 1.000 3.921 6.022 1.000
3.672 6.013 1.000 3.877 6.219 1.000
3.173 5.285 1.000 3.655 5.767 1.000
4.014 6.051 1.000 4.710 6.747 1.000
3.789 6.462 1.000 4.167 6.840 1.000
5.218 7.387 0.000 5.650 7.818 0.000
3.830 6.043 1.000 4.295 6.509 1.000
3.687 6.046 1.000 3.971 6.330 1.000
3.589 5.619 1.000 3.493 5.523 1.000
3.246 5.675 1.000 4.242 6.671 1.000
3.349 5.607 1.000 3.600 5.859 1.000
3.822 5.819 1.000 4.505 6.502 1.000
3.418 5.375 1.000 3.802 5.759 1.000
3.261 5.318 1.000 4.194 6.251 1.000
4.764 7.012 1.000 4.589 6.837 1.000
3.113 5.377 1.000 4.024 6.288 1.000
3.279 5.416 1.000 3.217 5.354 1.000
3.422 5.698 1.000 4.141 6.416 1.000
4.799 7.407 1.000 5.002 7.610 1.000
3.176 5.484 1.000 3.954 6.262 1.000
4.049 6.535 1.000 4.101 6.586 1.000
3.917 6.387 1.000 4.488 6.958 1.000
4.656 6.913 1.000 5.130 7.387 1.000
3.833 5.917 1.000 3.754 5.838 1.000
3.109 5.690 1.000 3.780 6.361 1.000
3.072 4.911 0.000 4.032 5.871 1.000
4.395 6.472 1.000 4.453 6.531 1.000
3.587 5.674 1.000 4.121 6.207 1.000
3.350 5.510 1.000 3.962 6.122 1.000
5.076 7.205 1.000 4.954 7.084 1.000
4.293 6.083 1.000 4.409 6.199 1.000
4.748 6.871 1.000 4.713 6.836 1.000
4.896 6.844 1.000 4.826 6.774 1.000
4.436 6.626 1.000 4.364 6.554 1.000
3.952 5.876 1.000 3.923 5.848 1.000
3.023 5.063 0.000 3.456 5.496 1.000
2.786 5.239 1.000 3.624 6.078 1.000
4.023 5.919 1.000 4.295 6.191 1.000
4.057 6.218 1.000 4.289 6.449 1.000
3.606 5.761 1.000 3.939 6.094 1.000
3.517 6.023 1.000 4.050 6.557 1.000
3.327 5.824 1.000 4.202 6.699 1.000
3.332 5.495 1.000 3.953 6.115 1.000
3.775 5.968 1.000 4.441 6.634 1.000
4.287 6.554 1.000 4.283 6.550 1.000
4.290 6.648 1.000 4.439 6.797 1.000
4.613 6.714 1.000 4.243 6.345 1.000
4.487 7.011 1.000 4.620 7.144 1.000
4.097 6.113 1.000 4.260 6.276 1.000
2.290 4.354 0.000 3.418 5.482 1.000
4.169 6.360 1.000 4.812 7.002 1.000
3.853 5.985 1.000 3.989 6.121 1.000
2.635 4.669 0.000 3.809 5.843 1.000
3.115 5.498 1.000 3.886 6.269 1.000
4.637 6.782 1.000 5.280 7.425 0.000
3.000 5.274 1.000 3.612 5.886 1.000
3.053 5.149 0.000 4.017 6.112 1.000
3.725 6.022 1.000 4.376 6.672 1.000
3.791 6.059 1.000 4.239 6.507 1.000
3.170 5.252 1.000 3.962 6.045 1.000
3.921 6.219 1.000 4.274 6.572 1.000
3.636 5.859 1.000 3.642 5.865 1.000
3.408 5.632 1.000 3.955 6.179 1.000
3.936 6.097 1.000 4.111 6.271 1.000
4.309 6.559 1.000 4.174 6.424 1.000
4.165 6.445 1.000 4.686 6.966 1.000
3.645 5.798 1.000 4.327 6.480 1.000
4.185 6.350 1.000 4.247 6.412 1.000
3.995 6.268 1.000 4.592 6.865 1.000
4.107 6.354 1.000 4.381 6.628 1.000
3.959 5.752 1.000 4.376 6.169 1.000
3.493 5.766 1.000 4.634 6.907 1.000
3.290 5.189 1.000 3.831 5.730 1.000
3.975 6.221 1.000 4.357 6.603 1.000
3.518 5.828 1.000 3.748 6.059 1.000
3.386 5.552 1.000 3.876 6.042 1.000
3.913 5.976 1.000 3.625 5.688 1.000
3.786 6.151 1.000 4.584 6.949 1.000
4.225 6.308 1.000 4.573 6.656 1.000
4.726 6.721 1.000 4.420 6.415 1.000
3.936 6.312 1.000 4.349 6.725 1.000
3.933 6.380 1.000 3.907 6.354 1.000
2.904 5.025 0.000 3.649 5.770 1.000
3.401 5.503 1.000 3.692 5.794 1.000
4.274 6.708 1.000 4.655 7.089 1.000
3.945 5.963 1.000 4.932 6.951 1.000
5.118 7.379 1.000 5.027 7.288 1.000
3.724 6.121 1.000 3.928 6.326 1.000
3.578 6.230 1.000 4.120 6.773 1.000
4.479 6.723 1.000 4.704 6.949 1.000
3.632 5.722 1.000 3.698 5.789 1.000
3.656 5.921 1.000 4.183 6.449 1.000
3.234 5.605 1.000 3.914 6.285 1.000
4.733 7.073 1.000 4.735 7.075 1.000
4.769 6.782 1.000 4.643 6.656 1.000
4.391 6.623 1.000 5.241 7.473 0.000
4.244 6.420 1.000 4.546 6.723 1.000
3.300 5.415 1.000 4.182 6.297 1.000
2.816 5.040 0.000 4.073 6.297 1.000
3.587 5.678 1.000 4.314 6.405 1.000
3.628 5.666 1.000 3.868 5.906 1.000
5.452 8.090 0.000 5.461 8.099 0.000
4.524 6.495 1.000 4.820 6.791 1.000
4.046 6.188 1.000 4.222 6.364 1.000
3.067 5.014 0.000 3.536 5.483 1.000
3.461 5.409 1.000 3.531 5.480 1.000
3.948 5.980 1.000 4.261 6.292 1.000
4.493 6.416 1.000 4.728 6.650 1.000
4.243 6.509 1.000 4.679 6.944 1.000
4.078 6.475 1.000 4.474 6.871 1.000
4.379 6.623 1.000 4.689 6.933 1.000
5.111 7.075 1.000 5.619 7.582 0.000
3.221 5.155 1.000 3.719 5.653 1.000
3.354 5.354 1.000 4.119 6.119 1.000
4.743 6.873 1.000 4.438 6.568 1.000
4.015 5.883 1.000 4.447 6.315 1.000
4.148 6.180 1.000 4.439 6.471 1.000
3.391 5.741 1.000 4.300 6.651 1.000
4.141 6.603 1.000 4.474 6.936 1.000
2.858 5.120 0.000 3.637 5.899 1.000
2.386 4.542 0.000 3.610 5.766 1.000
2.709 5.300 1.000 3.511 6.103 1.000
3.759 6.247 1.000 4.603 7.091 1.000
3.095 5.321 1.000 3.905 6.131 1.000
3.643 5.693 1.000 3.677 5.727 1.000
3.918 5.814 1.000 4.365 6.262 1.000
4.235 6.513 1.000 4.409 6.687 1.000
3.489 5.522 1.000 4.222 6.255 1.000
4.001 6.238 1.000 4.029 6.267 1.000
3.445 6.018 1.000 3.933 6.507 1.000
3.322 5.686 1.000 3.803 6.168 1.000
3.572 5.830 1.000 4.070 6.329 1.000
4.382 6.781 1.000 4.395 6.794 1.000
4.395 6.540 1.000 5.482 7.627 0.000
4.467 6.770 1.000 4.449 6.752 1.000
3.586 6.095 1.000 3.945 6.454 1.000
3.988 6.170 1.000 4.485 6.667 1.000
5.314 7.579 0.000 5.381 7.647 0.000
4.563 6.577 1.000 4.953 6.967 1.000
3.863 6.447 1.000 4.903 7.487 1.000
2.950 5.500 1.000 3.660 6.210 1.000
4.089 6.403 1.000 4.369 6.684 1.000
4.002 6.338 1.000 4.393 6.730 1.000
2.812 4.900 0.000 3.709 5.797 1.000
4.397 6.625 1.000 4.757 6.985 1.000
3.496 5.922 1.000 4.109 6.536 1.000
3.332 5.184 1.000 3.991 5.843 1.000
4.304 6.008 1.000 4.534 6.238 1.000
3.058 5.209 1.000 3.486 5.636 1.000
3.722 5.777 1.000 4.150 6.205 1.000
3.382 5.634 1.000 4.031 6.284 1.000
3.751 5.827 1.000 4.259 6.335 1.000
4.079 6.057 1.000 4.802 6.780 1.000
2.985 5.283 1.000 4.465 6.763 1.000
3.654 6.367 1.000 3.695 6.409 1.000
4.162 6.265 1.000 4.469 6.571 1.000
4.636 6.780 1.000 4.587 6.731 1.000
2.472 4.844 0.000 3.426 5.797 1.000
3.548 5.881 1.000 4.374 6.706 1.000
3.183 5.527 1.000 4.016 6.360 1.000
3.472 5.598 1.000 3.561 5.686 1.000
4.337 6.381 1.000 5.268 7.311 0.000
3.538 5.707 1.000 4.193 6.362 1.000
4.095 6.092 1.000 4.266 6.263 1.000
4.084 6.490 1.000 4.975 7.381 1.000
3.417 5.829 1.000 4.439 6.851 1.000
3.424 5.439 1.000 4.052 6.067 1.000
3.455 6.033 1.000 3.889 6.467 1.000
4.269 6.580 1.000 4.601 6.912 1.000
3.823 6.119 1.000 4.312 6.609 1.000
3.565 5.772 1.000 3.997 6.203 1.000
4.303 6.174 1.000 4.386 6.258 1.000
3.588 5.568 1.000 3.916 5.896 1.000
2.730 5.153 1.000 3.753 6.176 1.000
3.701 5.737 1.000 4.090 6.127 1.000
2.352 4.499 0.000 3.768 5.915 1.000
4.052 6.085 1.000 4.216 6.249 1.000
3.746 6.045 1.000 3.863 6.163 1.000
2.364 4.559 0.000 3.874 6.069 1.000
2.997 5.448 1.000 3.866 6.317 1.000
2.834 5.039 0.000 3.803 6.008 1.000
4.223 6.372 1.000 4.338 6.487 1.000
4.322 6.353 1.000 4.289 6.320 1.000
2.852 4.809 0.000 4.300 6.257 1.000
3.700 6.236 1.000 4.187 6.722 1.000
3.289 5.348 1.000 3.462 5.521 1.000
4.658 7.194 1.000 4.855 7.391 1.000
4.112 6.413 1.000 4.855 7.155 1.000
5.071 7.187 1.000 4.824 6.940 1.000
3.255 5.508 1.000 3.860 6.113 1.000
3.974 6.111 1.000 4.274 6.411 1.000
3.969 6.359 1.000 4.179 6.568 1.000
4.477 6.896 1.000 4.488 6.908 1.000
4.176 6.476 1.000 5.068 7.368 1.000
3.115 5.629 1.000 3.944 6.458 1.000
3.721 5.634 1.000 3.846 5.758 1.000
3.443 5.879 1.000 3.765 6.201 1.000
3.683 5.482 1.000 3.844 5.643 1.000
4.015 6.619 1.000 4.340 6.944 1.000
4.382 6.646 1.000 4.599 6.863 1.000
4.090 6.356 1.000 4.081 6.347 1.000
2.482 4.687 0.000 3.281 5.486 1.000
3.949 5.947 1.000 4.120 6.118 1.000
4.704 7.111 1.000 4.690 7.097 1.000
4.090 6.101 1.000 4.381 6.392 1.000
5.099 7.090 1.000 5.453 7.444 0.000
3.386 5.776 1.000 3.746 6.136 1.000
4.614 6.852 1.000 4.561 6.799 1.000
4.386 6.227 1.000 4.677 6.518 1.000
3.700 6.094 1.000 3.713 6.107 1.000
4.155 6.428 1.000 4.170 6.443 1.000
4.111 6.484 1.000 4.713 7.086 1.000
4.196 6.453 1.000 4.764 7.021 1.000
3.729 5.905 1.000 4.238 6.414 1.000
4.777 7.432 1.000 5.319 7.974 0.000
3.117 5.068 0.000 3.727 5.678 1.000
2.896 5.337 1.000 3.943 6.384 1.000
4.000 6.219 1.000 4.346 6.565 1.000
2.742 5.062 0.000 3.746 6.066 1.000
3.829 5.715 1.000 3.919 5.805 1.000
3.926 6.431 1.000 3.884 6.389 1.000
3.553 5.831 1.000 4.396 6.674 1.000
4.656 7.130 1.000 4.753 7.228 1.000
5.187 7.006 0.000 5.015 6.834 1.000
3.176 5.416 1.000 3.887 6.127 1.000
4.253 6.728 1.000 5.379 7.854 0.000
3.745 5.945 1.000 4.478 6.678 1.000
4.731 6.908 1.000 4.787 6.964 1.000
3.956 6.549 1.000 4.105 6.697 1.000
3.366 5.267 1.000 3.823 5.724 1.000
3.233 5.207 1.000 4.084 6.059 1.000
3.266 5.764 1.000 3.982 6.480 1.000
3.196 5.295 1.000 3.627 5.726 1.000
4.091 6.150 1.000 4.563 6.622 1.000
3.828 6.138 1.000 4.316 6.627 1.000
3.480 5.501 1.000 3.971 5.991 1.000
2.639 4.907 0.000 3.521 5.789 1.000
3.453 6.056 1.000 4.485 7.088 1.000
4.332 6.349 1.000 4.982 6.999 1.000
4.197 6.451 1.000 4.364 6.618 1.000
2.700 4.741 0.000 3.451 5.491 1.000
3.314 5.429 1.000 4.358 6.474 1.000
4.117 6.463 1.000 4.397 6.743 1.000
3.504 5.913 1.000 4.155 6.564 1.000
3.700 6.081 1.000 4.732 7.114 1.000
3.432 5.573 1.000 4.078 6.219 1.000
3.066 5.372 1.000 3.570 5.876 1.000
4.301 6.504 1.000 4.331 6.533 1.000
4.663 6.793 1.000 5.146 7.276 1.000
4.499 6.246 1.000 4.387 6.134 1.000
3.326 5.736 1.000 3.942 6.352 1.000
4.364 6.786 1.000 4.420 6.842 1.000
3.979 5.957 1.000 4.633 6.611 1.000
3.616 5.813 1.000 4.405 6.602 1.000
4.356 6.665 1.000 4.267 6.576 1.000
4.361 6.490 1.000 4.778 6.907 1.000
3.539 5.962 1.000 3.698 6.121 1.000
3.792 6.209 1.000 4.478 6.895 1.000
3.205 5.317 1.000 3.990 6.103 1.000
4.516 6.761 1.000 4.540 6.785 1.000
3.528 5.671 1.000 4.387 6.530 1.000
4.381 6.616 1.000 4.484 6.719 1.000
3.298 5.475 1.000 4.492 6.669 1.000
3.264 5.692 1.000 4.115 6.543 1.000
4.397 6.464 1.000 4.569 6.636 1.000
3.200 5.471 1.000 4.065 6.336 1.000
3.832 5.980 1.000 4.449 6.596 1.000
3.323 5.678 1.000 4.035 6.390 1.000
3.349 6.016 1.000 3.875 6.543 1.000
4.001 6.051 1.000 3.926 5.976 1.000
4.417 6.614 1.000 4.540 6.738 1.000
4.938 7.445 1.000 4.774 7.281 1.000
3.817 5.976 1.000 3.994 6.154 1.000
4.347 6.726 1.000 4.716 7.096 1.000
4.448 6.790 1.000 4.548 6.890 1.000
4.672 6.786 1.000 5.186 7.300 0.000
3.426 5.717 1.000 3.766 6.056 1.000
3.283 5.335 1.000 3.667 5.720 1.000
3.783 5.800 1.000 3.907 5.925 1.000
5.129 7.098 1.000 5.725 7.694 0.000
4.194 6.323 1.000 4.321 6.450 1.000
3.212 5.720 1.000 3.934 6.442 1.000
3.536 5.887 1.000 4.698 7.048 1.000
4.227 6.586 1.000 4.946 7.306 1.000
3.698 5.912 1.000 4.600 6.813 1.000
3.588 5.700 1.000 4.213 6.325 1.000
4.101 6.653 1.000 4.281 6.832 1.000
3.522 5.621 1.000 4.111 6.210 1.000
3.893 5.867 1.000 4.250 6.224 1.000
3.271 5.448 1.000 3.628 5.804 1.000
3.670 5.736 1.000 4.445 6.511 1.000
4.061 6.331 1.000 4.455 6.724 1.000
3.371 5.271 1.000 4.174 6.073 1.000
3.389 5.125 0.000 3.880 5.616 1.000
3.253 5.606 1.000 3.701 6.055 1.000
2.938 4.801 0.000 3.553 5.417 1.000
3.496 5.899 1.000 4.215 6.618 1.000
4.767 6.968 1.000 5.246 7.447 0.000
3.955 6.220 1.000 3.935 6.200 1.000
3.527 6.004 1.000 4.188 6.665 1.000
4.736 6.902 1.000 4.593 6.759 1.000
4.030 6.043 1.000 3.852 5.864 1.000
3.688 5.774 1.000 4.039 6.125 1.000
3.774 5.954 1.000 4.092 6.272 1.000
2.705 4.817 0.000 3.858 5.969 1.000
4.731 6.876 1.000 4.993 7.137 1.000
3.398 5.492 1.000 4.314 6.408 1.000
4.163 6.106 1.000 4.351 6.294 1.000
3.254 5.669 1.000 3.562 5.977 1.000
3.947 6.122 1.000 4.577 6.753 1.000
2.858 5.261 1.000 3.560 5.962 1.000
3.021 5.290 1.000 3.802 6.071 1.000
2.752 5.102 0.000 3.448 5.798 1.000
3.816 6.051 1.000 4.431 6.666 1.000
5.300 7.150 0.000 5.956 7.807 0.000
3.659 6.129 1.000 3.952 6.422 1.000
4.049 6.325 1.000 4.426 6.701 1.000
2.304 4.253 0.000 3.112 5.060 0.000
3.245 5.359 1.000 4.137 6.251 1.000
3.165 5.798 1.000 4.055 6.688 1.000
4.099 6.358 1.000 4.668 6.927 1.000
3.808 6.072 1.000 4.845 7.109 1.000
4.130 6.119 1.000 4.753 6.743 1.000
4.524 6.412 1.000 5.018 6.906 1.000
3.993 6.297 1.000 4.694 6.998 1.000
4.590 6.935 1.000 4.540 6.884 1.000
3.985 5.844 1.000 4.467 6.326 1.000
2.748 4.793 0.000 3.301 5.346 1.000
4.076 6.378 1.000 4.657 6.959 1.000
4.276 6.335 1.000 4.504 6.563 1.000
3.911 5.871 1.000 4.278 6.238 1.000
4.012 6.292 1.000 4.083 6.363 1.000
3.778 6.136 1.000 4.550 6.908 1.000
3.862 6.430 1.000 4.568 7.136 1.000
3.352 5.980 1.000 4.103 6.730 1.000
3.853 6.234 1.000 4.712 7.093 1.000
3.308 5.111 0.000 3.934 5.737 1.000
2.946 5.232 1.000 3.959 6.245 1.000
3.254 5.049 0.000 3.954 5.748 1.000
3.284 5.368 1.000 3.905 5.989 1.000
3.958 6.196 1.000 4.355 6.592 1.000
2.782 5.131 0.000 3.648 5.997 1.000
3.894 6.066 1.000 4.280 6.453 1.000
3.620 5.718 1.000 4.011 6.109 1.000
5.294 7.313 0.000 5.486 7.505 0.000
4.087 6.180 1.000 4.653 6.746 1.000
3.251 5.508 1.000 4.095 6.352 1.000
2.982 5.570 1.000 3.644 6.232 1.000
2.893 5.139 0.000 3.232 5.478 1.000
3.079 4.931 0.000 3.893 5.744 1.000
4.960 7.429 1.000 4.720 7.189 1.000
4.494 6.529 1.000 4.392 6.426 1.000
2.994 5.190 1.000 3.683 5.879 1.000
3.704 6.068 1.000 3.993 6.357 1.000
3.744 5.803 1.000 4.104 6.164 1.000
3.478 5.721 1.000 3.691 5.934 1.000
2.914 4.894 0.000 3.657 5.637 1.000
3.200 5.335 1.000 3.824 5.958 1.000
4.896 7.055 1.000 4.902 7.061 1.000
3.289 5.439 1.000 3.666 5.816 1.000
3.811 5.813 1.000 4.069 6.071 1.000
3.299 5.488 1.000 4.181 6.370 1.000
3.635 5.780 1.000 3.990 6.136 1.000
4.136 6.358 1.000 4.888 7.111 1.000
3.691 5.852 1.000 4.012 6.174 1.000
3.549 5.597 1.000 4.029 6.077 1.000
4.513 6.641 1.000 4.843 6.970 1.000
3.228 5.482 1.000 4.206 6.461 1.000
3.657 5.939 1.000 4.138 6.420 1.000
4.740 6.808 1.000 4.803 6.871 1.000
3.570 6.145 1.000 4.371 6.946 1.000
3.708 6.003 1.000 4.322 6.616 1.000
4.965 6.680 1.000 5.018 6.732 1.000
4.536 6.709 1.000 4.983 7.156 1.000
4.908 6.998 1.000 5.218 7.308 0.000
3.807 6.115 1.000 4.344 6.653 1.000
4.573 6.861 1.000 4.614 6.902 1.000
3.077 5.316 1.000 3.713 5.951 1.000
3.088 5.298 1.000 4.029 6.239 1.000
2.981 5.223 1.000 4.354 6.596 1.000
3.234 5.658 1.000 3.902 6.327 1.000
3.063 4.973 0.000 3.853 5.763 1.000
2.889 5.098 0.000 3.680 5.889 1.000
3.602 5.708 1.000 4.107 6.212 1.000
3.530 5.463 1.000 4.244 6.177 1.000
3.395 5.686 1.000 3.746 6.037 1.000
4.056 6.245 1.000 4.782 6.971 1.000
4.647 6.911 1.000 4.881 7.145 1.000
2.494 4.594 0.000 3.337 5.437 1.000
4.022 6.341 1.000 4.066 6.385 1.000
4.397 6.189 1.000 5.396 7.188 0.000
3.805 5.861 1.000 4.158 6.213 1.000
3.754 5.787 1.000 3.996 6.028 1.000
3.724 6.292 1.000 4.631 7.199 1.000
3.564 6.057 1.000 4.347 6.840 1.000
3.171 5.554 1.000 3.985 6.368 1.000
3.182 5.638 1.000 3.872 6.328 1.000
4.208 6.389 1.000 4.627 6.808 1.000
3.197 5.718 1.000 3.900 6.421 1.000
3.983 6.059 1.000 3.903 5.979 1.000
4.665 6.586 1.000 4.700 6.622 1.000
4.298 6.910 1.000 4.722 7.334 1.000
3.119 5.476 1.000 3.650 6.007 1.000
4.344 6.466 1.000 4.622 6.744 1.000
4.306 6.579 1.000 5.066 7.340 1.000
3.903 5.991 1.000 4.087 6.174 1.000
3.080 5.277 1.000 3.780 5.977 1.000
3.741 5.968 1.000 4.030 6.258 1.000
2.997 5.344 1.000 3.745 6.092 1.000
3.018 4.916 0.000 3.550 5.449 1.000
3.794 6.130 1.000 4.523 6.859 1.000
3.775 6.013 1.000 4.392 6.631 1.000
3.888 6.145 1.000 4.257 6.515 1.000
3.812 6.016 1.000 4.540 6.743 1.000
3.544 5.749 1.000 3.922 6.127 1.000
3.700 6.050 1.000 3.971 6.320 1.000
4.246 6.232 1.000 4.445 6.431 1.000
3.589 5.797 1.000 4.265 6.473 1.000
3.721 5.972 1.000 3.919 6.170 1.000
3.952 6.361 1.000 4.193 6.603 1.000
4.266 6.446 1.000 4.489 6.669 1.000
2.776 4.748 0.000 3.316 5.287 1.000
3.601 5.663 1.000 3.874 5.937 1.000
3.992 6.150 1.000 4.239 6.397 1.000
3.094 5.238 1.000 3.775 5.919 1.000
3.760 5.619 1.000 4.256 6.115 1.000
3.633 5.764 1.000 4.621 6.752 1.000
2.660 5.006 0.000 3.870 6.215 1.000
3.940 6.316 1.000 4.594 6.970 1.000
3.919 6.452 1.000 4.088 6.621 1.000
4.038 6.710 1.000 4.323 6.995 1.000
3.503 5.460 1.000 4.411 6.368 1.000
3.866 5.989 1.000 4.253 6.376 1.000
3.230 5.483 1.000 3.486 5.739 1.000
3.529 5.997 1.000 4.101 6.568 1.000
4.112 6.572 1.000 4.001 6.460 1.000
4.385 6.466 1.000 4.751 6.832 1.000
4.112 6.235 1.000 4.701 6.824 1.000
3.239 5.512 1.000 3.890 6.163 1.000
3.868 5.931 1.000 4.216 6.279 1.000
3.406 5.461 1.000 4.194 6.249 1.000
3.909 5.780 1.000 3.849 5.721 1.000
3.168 4.993 0.000 3.746 5.571 1.000
3.655 5.542 1.000 3.427 5.314 1.000
3.985 6.410 1.000 4.316 6.741 1.000
5.228 6.992 0.000 4.636 6.400 1.000
2.427 4.457 0.000 3.447 5.477 1.000
3.708 6.159 1.000 4.190 6.641 1.000
4.560 6.752 1.000 4.776 6.968 1.000
3.666 6.141 1.000 4.544 7.019 1.000
3.843 5.554 1.000 3.796 5.506 1.000
5.567 7.821 0.000 5.722 7.977 0.000
4.254 6.419 1.000 4.520 6.685 1.000
4.687 6.850 1.000 5.017 7.180 1.000
3.627 5.538 1.000 4.793 6.704 1.000
2.444 4.409 0.000 3.331 5.296 1.000
3.570 6.127 1.000 4.351 6.908 1.000
3.590 5.781 1.000 3.780 5.972 1.000
5.498 7.841 0.000 5.562 7.905 0.000
2.694 5.018 0.000 3.763 6.088 1.000
3.501 5.957 1.000 4.212 6.668 1.000
3.049 4.948 0.000 4.076 5.975 1.000
2.558 4.533 0.000 3.453 5.427 1.000
2.856 5.316 1.000 3.908 6.367 1.000
4.271 6.760 1.000 4.273 6.763 1.000
3.153 5.422 1.000 4.195 6.464 1.000
3.782 6.142 1.000 4.280 6.640 1.000
4.720 7.101 1.000 4.377 6.758 1.000
4.272 6.919 1.000 4.436 7.082 1.000
4.016 6.368 1.000 4.515 6.866 1.000
4.167 6.280 1.000 4.297 6.410 1.000
3.921 5.703 1.000 4.092 5.874 1.000
3.594 5.839 1.000 3.910 6.156 1.000
3.731 6.025 1.000 4.328 6.622 1.000
3.399 5.253 1.000 3.734 5.588 1.000
3.359 5.270 1.000 3.734 5.645 1.000
3.697 5.442 1.000 4.089 5.834 1.000
3.874 6.472 1.000 4.271 6.869 1.000
3.291 5.543 1.000 3.914 6.166 1.000
3.619 5.876 1.000 4.183 6.440 1.000
3.524 5.769 1.000 4.491 6.737 1.000
5.023 7.062 1.000 5.182 7.222 0.000
3.928 6.109 1.000 4.719 6.901 1.000
3.738 5.959 1.000 4.291 6.512 1.000
4.500 6.877 1.000 4.731 7.108 1.000
3.772 5.839 1.000 4.422 6.490 1.000
4.389 6.791 1.000 4.526 6.928 1.000
4.280 6.638 1.000 4.516 6.874 1.000
3.714 5.716 1.000 4.341 6.342 1.000
3.322 5.347 1.000 3.663 5.688 1.000
3.402 5.784 1.000 4.026 6.408 1.000
3.543 5.562 1.000 4.172 6.191 1.000
4.696 6.907 1.000 4.421 6.632 1.000
3.316 5.622 1.000 3.519 5.825 1.000
2.948 5.328 1.000 3.864 6.244 1.000
3.890 6.103 1.000 4.479 6.691 1.000
3.920 6.158 1.000 4.168 6.406 1.000
4.110 6.613 1.000 4.203 6.706 1.000
3.970 6.156 1.000 4.025 6.211 1.000
5.472 7.405 0.000 5.501 7.434 0.000
3.136 5.373 1.000 4.063 6.300 1.000
3.844 5.747 1.000 3.789 5.693 1.000
4.329 6.672 1.000 4.186 6.529 1.000
4.004 6.107 1.000 4.130 6.233 1.000
3.528 5.572 1.000 3.723 5.767 1.000
3.771 6.387 1.000 4.013 6.629 1.000
2.995 5.118 0.000 3.620 5.743 1.000
4.613 7.157 1.000 4.843 7.387 1.000
4.386 6.689 1.000 4.841 7.144 1.000
3.671 6.139 1.000 4.122 6.590 1.000
4.085 6.278 1.000 4.359 6.552 1.000
4.284 6.755 1.000 5.239 7.709 0.000
3.450 6.169 1.000 4.090 6.809 1.000
4.196 6.474 1.000 4.119 6.397 1.000
4.923 7.346 1.000 5.480 7.902 0.000
3.622 5.924 1.000 4.153 6.456 1.000
4.488 6.820 1.000 4.808 7.140 1.000
3.419 5.648 1.000 4.172 6.401 1.000
4.241 6.343 1.000 4.380 6.482 1.000
3.873 6.181 1.000 4.863 7.171 1.000
3.809 6.470 1.000 4.141 6.801 1.000
3.212 5.359 1.000 3.747 5.894 1.000
4.014 6.170 1.000 4.494 6.649 1.000
4.354 6.085 1.000 4.708 6.439 1.000
4.163 6.544 1.000 4.210 6.592 1.000
3.739 5.681 1.000 4.453 6.395 1.000
3.578 5.487 1.000 3.829 5.738 1.000
4.253 6.424 1.000 4.297 6.469 1.000
4.674 7.315 1.000 4.637 7.279 1.000
2.755 4.667 0.000 3.351 5.262 1.000
4.663 7.190 1.000 4.753 7.279 1.000
3.988 5.994 1.000 3.957 5.963 1.000
3.363 5.598 1.000 4.028 6.264 1.000
4.424 6.459 1.000 5.010 7.045 1.000
3.440 5.534 1.000 4.279 6.373 1.000
5.426 7.573 0.000 5.629 7.775 0.000
3.393 5.641 1.000 3.595 5.843 1.000
3.812 6.267 1.000 4.346 6.800 1.000
3.806 6.023 1.000 4.699 6.916 1.000
3.414 5.533 1.000 4.485 6.604 1.000
3.747 5.861 1.000 4.517 6.631 1.000
3.259 5.497 1.000 4.153 6.391 1.000
4.078 6.090 1.000 4.199 6.211 1.000
3.148 5.319 1.000 4.019 6.190 1.000
3.049 4.921 0.000 3.458 5.330 1.000
3.065 5.808 1.000 3.592 6.336 1.000
3.090 5.514 1.000 3.862 6.287 1.000
4.133 6.188 1.000 4.719 6.774 1.000
4.679 6.801 1.000 4.664 6.785 1.000
2.643 4.687 0.000 3.432 5.477 1.000
4.768 6.911 1.000 4.806 6.949 1.000
4.215 6.268 1.000 4.263 6.316 1.000
4.157 5.994 1.000 4.918 6.755 1.000
3.912 6.269 1.000 4.319 6.675 1.000
3.894 5.982 1.000 4.161 6.249 1.000
3.398 5.538 1.000 3.657 5.797 1.000
2.797 5.330 1.000 3.929 6.462 1.000
4.924 6.896 1.000 4.770 6.742 1.000
3.939 6.327 1.000 4.218 6.605 1.000
3.781 5.854 1.000 4.805 6.878 1.000
4.010 6.154 1.000 4.443 6.587 1.000
4.153 6.089 1.000 4.612 6.548 1.000
3.041 4.977 0.000 4.425 6.361 1.000
3.452 5.474 1.000 4.135 6.158 1.000
4.635 6.846 1.000 5.010 7.222 1.000
3.578 5.942 1.000 4.352 6.715 1.000
3.264 5.512 1.000 4.160 6.409 1.000
3.929 6.063 1.000 4.653 6.787 1.000
3.884 5.927 1.000 4.573 6.616 1.000
3.537 5.511 1.000 3.994 5.968 1.000
4.484 7.128 1.000 4.388 7.032 1.000
3.724 6.110 1.000 4.550 6.935 1.000
4.786 6.947 1.000 5.173 7.333 0.000
3.841 5.811 1.000 4.153 6.123 1.000
2.786 5.021 0.000 3.791 6.026 1.000
3.795 6.033 1.000 4.120 6.358 1.000
3.487 5.857 1.000 4.380 6.750 1.000
4.410 6.245 1.000 4.363 6.199 1.000
3.459 5.727 1.000 3.560 5.828 1.000
3.495 5.854 1.000 4.138 6.497 1.000
3.646 5.875 1.000 3.724 5.953 1.000
2.604 4.664 0.000 3.303 5.363 1.000
2.948 4.942 0.000 3.784 5.779 1.000
3.782 6.175 1.000 4.506 6.899 1.000
3.878 6.073 1.000 3.927 6.122 1.000
4.041 6.140 1.000 4.607 6.706 1.000
3.573 5.597 1.000 3.941 5.964 1.000
2.654 4.718 0.000 3.331 5.395 1.000
4.772 7.096 1.000 4.977 7.301 1.000
3.175 5.249 1.000 3.759 5.833 1.000
3.034 4.745 0.000 3.716 5.426 1.000
4.052 6.394 1.000 3.929 6.271 1.000
4.902 7.055 1.000 5.110 7.262 1.000
4.265 6.426 1.000 4.590 6.750 1.000
3.272 5.107 0.000 3.741 5.576 1.000
3.888 6.288 1.000 5.325 7.724 0.000
3.448 5.792 1.000 4.328 6.671 1.000
3.968 6.066 1.000 4.616 6.714 1.000
4.302 6.405 1.000 5.008 7.112 1.000
4.577 6.676 1.000 4.977 7.076 1.000
3.761 6.171 1.000 4.038 6.448 1.000
2.635 4.819 0.000 3.482 5.666 1.000
3.698 5.609 1.000 3.763 5.674 1.000
3.733 5.805 1.000 4.333 6.404 1.000
3.814 5.989 1.000 4.631 6.806 1.000
3.282 5.516 1.000 3.842 6.077 1.000
3.979 6.071 1.000 3.972 6.064 1.000
3.617 5.797 1.000 4.129 6.308 1.000
4.196 6.578 1.000 4.398 6.779 1.000
3.400 5.409 1.000 3.920 5.929 1.000
3.458 5.727 1.000 4.339 6.609 1.000
5.178 7.333 0.000 5.079 7.234 1.000
3.200 5.074 0.000 4.036 5.910 1.000
2.860 5.391 1.000 3.899 6.430 1.000
4.685 6.901 1.000 4.909 7.125 1.000
3.275 5.548 1.000 4.037 6.310 1.000
3.203 5.856 1.000 3.760 6.414 1.000
3.210 4.983 0.000 3.542 5.315 1.000
4.385 6.409 1.000 5.258 7.282 0.000
3.980 6.186 1.000 4.288 6.494 1.000
4.145 6.440 1.000 4.319 6.614 1.000
2.850 4.933 0.000 3.548 5.631 1.000
4.014 6.090 1.000 4.213 6.288 1.000
2.747 4.689 0.000 3.556 5.498 1.000
3.866 5.987 1.000 4.018 6.139 1.000
3.892 6.203 1.000 4.685 6.996 1.000
4.369 6.500 1.000 4.218 6.348 1.000
4.120 6.301 1.000 4.508 6.689 1.000
4.552 6.804 1.000 5.094 7.346 1.000
2.797 4.668 0.000 4.055 5.927 1.000
3.807 6.235 1.000 4.147 6.575 1.000
3.324 5.445 1.000 4.210 6.332 1.000
4.012 5.982 1.000 4.782 6.752 1.000
3.162 5.447 1.000 3.662 5.948 1.000
3.350 5.545 1.000 4.075 6.270 1.000
3.378 5.583 1.000 4.430 6.636 1.000
4.443 6.782 1.000 4.711 7.051 1.000
4.886 6.915 1.000 5.066 7.095 1.000
3.334 5.628 1.000 3.805 6.100 1.000
3.500 5.573 1.000 4.479 6.552 1.000
3.914 6.277 1.000 4.043 6.407 1.000
3.954 6.174 1.000 4.230 6.451 1.000
5.194 7.762 0.000 4.873 7.440 1.000
4.044 6.307 1.000 4.242 6.504 1.000
3.763 6.276 1.000 4.024 6.537 1.000
3.743 6.191 1.000 4.785 7.233 1.000
3.722 6.174 1.000 4.070 6.522 1.000
4.841 6.888 1.000 4.816 6.863 1.000
3.722 5.637 1.000 3.918 5.833 1.000
3.335 5.294 1.000 3.642 5.601 1.000
3.158 5.599 1.000 3.758 6.199 1.000
3.571 5.770 1.000 3.534 5.733 1.000
3.137 5.352 1.000 4.293 6.508 1.000
4.779 6.967 1.000 4.749 6.937 1.000
3.885 6.157 1.000 4.565 6.837 1.000
4.070 6.628 1.000 4.456 7.015 1.000
4.909 6.979 1.000 4.615 6.684 1.000
3.163 5.521 1.000 4.328 6.686 1.000
4.053 6.006 1.000 4.168 6.120 1.000
3.787 5.889 1.000 4.100 6.203 1.000
4.162 6.386 1.000 4.365 6.589 1.000
4.412 6.982 1.000 4.889 7.459 1.000
3.923 6.164 1.000 3.918 6.159 1.000
4.691 6.821 1.000 4.573 6.703 1.000
3.971 6.622 1.000 4.579 7.230 1.000
4.095 6.273 1.000 4.331 6.509 1.000
3.915 5.844 1.000 4.377 6.306 1.000
3.450 5.675 1.000 3.687 5.912 1.000
3.998 6.428 1.000 4.310 6.739 1.000
3.788 6.162 1.000 4.758 7.132 1.000
4.246 6.238 1.000 4.163 6.155 1.000
4.002 6.089 1.000 4.713 6.800 1.000
3.334 5.396 1.000 4.042 6.104 1.000
4.754 6.995 1.000 4.955 7.197 1.000
4.641 6.800 1.000 4.920 7.079 1.000
4.533 6.615 1.000 4.870 6.952 1.000
4.734 7.095 1.000 5.173 7.534 0.000
3.922 6.156 1.000 4.275 6.508 1.000
3.288 5.901 1.000 4.176 6.789 1.000
3.390 5.382 1.000 4.015 6.006 1.000
4.007 5.937 1.000 4.921 6.851 1.000
